t # 0
16 48 16 1
v 0 3
v 1 2
v 2 3
v 3 1
v 4 1
v 5 5
v 6 1
v 7 5
v 8 3
v 9 2
v 10 2
v 11 3
v 12 1
v 13 5
v 14 5
v 15 13
e 0 1 1
e 0 15 1
e 1 0 1
e 1 2 1
e 1 13 1
e 1 14 1
e 1 15 1
e 2 1 1
e 2 3 1
e 2 4 1
e 2 5 1
e 2 6 1
e 2 7 1
e 2 11 1
e 2 12 1
e 2 13 1
e 2 14 1
e 2 15 1
e 3 2 1
e 4 2 1
e 4 5 1
e 5 2 1
e 5 4 1
e 5 8 1
e 5 10 1
e 6 2 1
e 6 11 1
e 7 2 1
e 7 14 1
e 8 5 1
e 8 9 1
e 9 8 1
e 10 5 1
e 11 2 1
e 11 6 1
e 11 14 1
e 12 2 1
e 12 13 1
e 13 1 1
e 13 2 1
e 13 12 1
e 14 1 1
e 14 2 1
e 14 7 1
e 14 11 1
e 15 0 1
e 15 1 1
e 15 2 1
t # -1
