t # 0
16 46 16 1
v 0 8
v 1 1
v 2 2
v 3 16
v 4 2
v 5 2
v 6 1
v 7 5
v 8 2
v 9 5
v 10 2
v 11 8
v 12 2
v 13 7
v 14 10
v 15 6
e 0 1 1
e 0 2 1
e 0 4 1
e 0 5 1
e 0 10 1
e 1 0 1
e 1 2 1
e 1 4 1
e 1 5 1
e 1 6 1
e 2 0 1
e 2 1 1
e 2 3 1
e 2 5 1
e 2 7 1
e 2 14 1
e 3 2 1
e 3 8 1
e 3 9 1
e 4 0 1
e 4 1 1
e 4 5 1
e 4 6 1
e 4 10 1
e 5 0 1
e 5 1 1
e 5 2 1
e 5 4 1
e 5 15 1
e 6 1 1
e 6 4 1
e 6 10 1
e 7 2 1
e 7 12 1
e 8 3 1
e 8 13 1
e 9 3 1
e 10 0 1
e 10 4 1
e 10 6 1
e 11 12 1
e 12 7 1
e 12 11 1
e 13 8 1
e 14 2 1
e 15 5 1
t # -1
