t # 0
16 46 16 1
v 0 1
v 1 1
v 2 6
v 3 1
v 4 3
v 5 1
v 6 13
v 7 2
v 8 2
v 9 15
v 10 6
v 11 2
v 12 3
v 13 10
v 14 7
v 15 15
e 0 2 1
e 0 4 1
e 0 11 1
e 0 12 1
e 1 3 1
e 1 9 1
e 1 10 1
e 2 0 1
e 2 3 1
e 2 13 1
e 3 1 1
e 3 2 1
e 3 4 1
e 3 7 1
e 3 10 1
e 3 13 1
e 4 0 1
e 4 3 1
e 4 11 1
e 5 9 1
e 5 10 1
e 6 9 1
e 6 14 1
e 7 3 1
e 8 14 1
e 9 1 1
e 9 5 1
e 9 6 1
e 9 12 1
e 9 14 1
e 9 15 1
e 10 1 1
e 10 3 1
e 10 5 1
e 11 0 1
e 11 4 1
e 11 12 1
e 12 0 1
e 12 9 1
e 12 11 1
e 13 2 1
e 13 3 1
e 14 6 1
e 14 8 1
e 14 9 1
e 15 9 1
t # -1
