t # 0
16 56 16 1
v 0 6
v 1 2
v 2 9
v 3 8
v 4 2
v 5 12
v 6 8
v 7 2
v 8 16
v 9 1
v 10 6
v 11 12
v 12 9
v 13 3
v 14 2
v 15 5
e 0 1 1
e 1 0 1
e 1 2 1
e 1 8 1
e 1 10 1
e 2 1 1
e 2 4 1
e 2 6 1
e 2 7 1
e 2 12 1
e 2 13 1
e 2 14 1
e 2 15 1
e 3 4 1
e 3 10 1
e 4 2 1
e 4 3 1
e 4 5 1
e 4 7 1
e 4 11 1
e 5 4 1
e 5 8 1
e 5 10 1
e 5 11 1
e 5 12 1
e 6 2 1
e 6 9 1
e 7 2 1
e 7 4 1
e 7 8 1
e 7 13 1
e 7 15 1
e 8 1 1
e 8 5 1
e 8 7 1
e 9 6 1
e 9 11 1
e 10 1 1
e 10 3 1
e 10 5 1
e 10 15 1
e 11 4 1
e 11 5 1
e 11 9 1
e 11 12 1
e 12 2 1
e 12 5 1
e 12 11 1
e 13 2 1
e 13 7 1
e 13 15 1
e 14 2 1
e 15 2 1
e 15 7 1
e 15 10 1
e 15 13 1
t # -1
