t # 0
16 52 16 1
v 0 3
v 1 4
v 2 1
v 3 1
v 4 11
v 5 14
v 6 13
v 7 14
v 8 5
v 9 3
v 10 12
v 11 2
v 12 6
v 13 12
v 14 8
v 15 1
e 0 5 1
e 0 8 1
e 0 11 1
e 0 15 1
e 1 2 1
e 1 3 1
e 1 12 1
e 1 15 1
e 2 1 1
e 2 6 1
e 2 7 1
e 2 10 1
e 2 11 1
e 2 15 1
e 3 1 1
e 3 4 1
e 4 3 1
e 4 9 1
e 4 10 1
e 4 12 1
e 4 15 1
e 5 0 1
e 5 7 1
e 5 15 1
e 6 2 1
e 7 2 1
e 7 5 1
e 7 15 1
e 8 0 1
e 8 12 1
e 8 15 1
e 9 4 1
e 9 14 1
e 10 2 1
e 10 4 1
e 10 13 1
e 11 0 1
e 11 2 1
e 11 15 1
e 12 1 1
e 12 4 1
e 12 8 1
e 13 10 1
e 14 9 1
e 15 0 1
e 15 1 1
e 15 2 1
e 15 4 1
e 15 5 1
e 15 7 1
e 15 8 1
e 15 11 1
t # -1
