t # 0
16 48 16 1
v 0 3
v 1 3
v 2 2
v 3 1
v 4 13
v 5 9
v 6 2
v 7 3
v 8 11
v 9 10
v 10 6
v 11 4
v 12 10
v 13 6
v 14 5
v 15 2
e 0 1 1
e 0 2 1
e 0 7 1
e 1 0 1
e 1 3 1
e 1 4 1
e 1 5 1
e 2 0 1
e 2 14 1
e 3 1 1
e 3 10 1
e 3 11 1
e 3 14 1
e 4 1 1
e 4 5 1
e 5 1 1
e 5 4 1
e 5 12 1
e 5 13 1
e 6 10 1
e 6 14 1
e 7 0 1
e 7 10 1
e 8 9 1
e 8 11 1
e 8 15 1
e 9 8 1
e 9 15 1
e 10 3 1
e 10 6 1
e 10 7 1
e 10 11 1
e 10 12 1
e 10 14 1
e 11 3 1
e 11 8 1
e 11 10 1
e 12 5 1
e 12 10 1
e 12 14 1
e 13 5 1
e 14 2 1
e 14 3 1
e 14 6 1
e 14 10 1
e 14 12 1
e 15 8 1
e 15 9 1
t # -1
