t # 0
16 46 16 1
v 0 4
v 1 3
v 2 3
v 3 14
v 4 3
v 5 6
v 6 15
v 7 4
v 8 1
v 9 1
v 10 9
v 11 1
v 12 10
v 13 2
v 14 2
v 15 16
e 0 1 1
e 0 2 1
e 0 6 1
e 0 7 1
e 1 0 1
e 1 6 1
e 1 12 1
e 1 14 1
e 2 0 1
e 2 4 1
e 2 5 1
e 3 9 1
e 3 12 1
e 4 2 1
e 4 15 1
e 5 2 1
e 5 12 1
e 5 15 1
e 6 0 1
e 6 1 1
e 6 10 1
e 6 12 1
e 6 14 1
e 7 0 1
e 7 15 1
e 8 15 1
e 9 3 1
e 9 12 1
e 9 15 1
e 10 6 1
e 10 11 1
e 11 10 1
e 11 13 1
e 12 1 1
e 12 3 1
e 12 5 1
e 12 6 1
e 12 9 1
e 13 11 1
e 14 1 1
e 14 6 1
e 15 4 1
e 15 5 1
e 15 7 1
e 15 8 1
e 15 9 1
t # -1
