t # 0
16 54 16 1
v 0 13
v 1 9
v 2 5
v 3 12
v 4 13
v 5 6
v 6 7
v 7 7
v 8 6
v 9 8
v 10 11
v 11 12
v 12 8
v 13 9
v 14 6
v 15 2
e 0 1 1
e 0 2 1
e 0 3 1
e 0 10 1
e 1 0 1
e 1 2 1
e 1 4 1
e 2 0 1
e 2 1 1
e 2 3 1
e 2 4 1
e 2 7 1
e 3 0 1
e 3 2 1
e 3 5 1
e 4 1 1
e 4 2 1
e 4 5 1
e 4 7 1
e 4 14 1
e 5 3 1
e 5 4 1
e 5 10 1
e 5 13 1
e 6 7 1
e 6 8 1
e 6 13 1
e 7 2 1
e 7 4 1
e 7 6 1
e 7 14 1
e 8 6 1
e 8 9 1
e 8 10 1
e 8 13 1
e 9 8 1
e 9 11 1
e 9 15 1
e 10 0 1
e 10 5 1
e 10 8 1
e 10 14 1
e 11 9 1
e 12 13 1
e 13 5 1
e 13 6 1
e 13 8 1
e 13 12 1
e 13 14 1
e 14 4 1
e 14 7 1
e 14 10 1
e 14 13 1
e 15 9 1
t # -1
