t # 0
16 54 16 1
v 0 6
v 1 1
v 2 16
v 3 1
v 4 7
v 5 2
v 6 2
v 7 2
v 8 8
v 9 4
v 10 2
v 11 1
v 12 6
v 13 10
v 14 13
v 15 1
e 0 7 1
e 1 2 1
e 1 3 1
e 2 1 1
e 2 3 1
e 2 7 1
e 2 10 1
e 2 11 1
e 2 13 1
e 3 1 1
e 3 2 1
e 3 4 1
e 3 9 1
e 3 10 1
e 3 11 1
e 3 14 1
e 4 3 1
e 4 6 1
e 4 7 1
e 4 14 1
e 5 9 1
e 5 12 1
e 5 14 1
e 6 4 1
e 6 8 1
e 7 0 1
e 7 2 1
e 7 4 1
e 7 8 1
e 7 9 1
e 7 11 1
e 8 6 1
e 8 7 1
e 9 3 1
e 9 5 1
e 9 7 1
e 9 13 1
e 9 14 1
e 10 2 1
e 10 3 1
e 10 11 1
e 11 2 1
e 11 3 1
e 11 7 1
e 11 10 1
e 12 5 1
e 13 2 1
e 13 9 1
e 13 15 1
e 14 3 1
e 14 4 1
e 14 5 1
e 14 9 1
e 15 13 1
t # -1
