t # 0
16 50 16 1
v 0 10
v 1 2
v 2 7
v 3 4
v 4 3
v 5 5
v 6 16
v 7 1
v 8 11
v 9 3
v 10 1
v 11 9
v 12 7
v 13 4
v 14 15
v 15 10
e 0 1 1
e 0 3 1
e 0 7 1
e 0 12 1
e 1 0 1
e 1 2 1
e 1 3 1
e 1 5 1
e 1 12 1
e 1 15 1
e 2 1 1
e 2 3 1
e 2 15 1
e 3 0 1
e 3 1 1
e 3 2 1
e 3 4 1
e 3 8 1
e 3 10 1
e 3 12 1
e 4 3 1
e 5 1 1
e 5 9 1
e 5 12 1
e 5 15 1
e 6 12 1
e 7 0 1
e 7 11 1
e 8 3 1
e 8 10 1
e 9 5 1
e 9 14 1
e 9 15 1
e 10 3 1
e 10 8 1
e 11 7 1
e 11 13 1
e 12 0 1
e 12 1 1
e 12 3 1
e 12 5 1
e 12 6 1
e 12 15 1
e 13 11 1
e 14 9 1
e 15 1 1
e 15 2 1
e 15 5 1
e 15 9 1
e 15 12 1
t # -1
