t # 0
16 58 16 1
v 0 6
v 1 6
v 2 2
v 3 12
v 4 2
v 5 11
v 6 16
v 7 1
v 8 7
v 9 3
v 10 1
v 11 1
v 12 2
v 13 7
v 14 4
v 15 7
e 0 1 1
e 0 2 1
e 0 3 1
e 1 0 1
e 1 2 1
e 1 3 1
e 1 9 1
e 1 12 1
e 2 0 1
e 2 1 1
e 2 3 1
e 2 6 1
e 2 12 1
e 3 0 1
e 3 1 1
e 3 2 1
e 3 5 1
e 3 7 1
e 3 10 1
e 3 12 1
e 4 12 1
e 5 3 1
e 5 6 1
e 5 9 1
e 5 13 1
e 5 14 1
e 6 2 1
e 6 5 1
e 6 8 1
e 6 11 1
e 6 14 1
e 7 3 1
e 7 10 1
e 8 6 1
e 8 11 1
e 8 14 1
e 9 1 1
e 9 5 1
e 9 12 1
e 10 3 1
e 10 7 1
e 11 6 1
e 11 8 1
e 11 14 1
e 11 15 1
e 12 1 1
e 12 2 1
e 12 3 1
e 12 4 1
e 12 9 1
e 13 5 1
e 14 5 1
e 14 6 1
e 14 8 1
e 14 11 1
e 14 15 1
e 15 11 1
e 15 14 1
t # -1
