t # 0
16 56 16 1
v 0 4
v 1 2
v 2 13
v 3 4
v 4 5
v 5 1
v 6 2
v 7 15
v 8 5
v 9 12
v 10 4
v 11 14
v 12 8
v 13 1
v 14 2
v 15 6
e 0 1 1
e 0 3 1
e 0 7 1
e 0 10 1
e 0 14 1
e 1 0 1
e 1 4 1
e 2 3 1
e 2 6 1
e 2 8 1
e 2 13 1
e 3 0 1
e 3 2 1
e 3 4 1
e 3 5 1
e 3 10 1
e 3 15 1
e 4 1 1
e 4 3 1
e 4 5 1
e 4 8 1
e 4 11 1
e 5 3 1
e 5 4 1
e 5 12 1
e 6 2 1
e 6 7 1
e 6 8 1
e 6 9 1
e 6 11 1
e 7 0 1
e 7 6 1
e 7 9 1
e 8 2 1
e 8 4 1
e 8 6 1
e 9 6 1
e 9 7 1
e 10 0 1
e 10 3 1
e 10 12 1
e 10 14 1
e 10 15 1
e 11 4 1
e 11 6 1
e 11 12 1
e 12 5 1
e 12 10 1
e 12 11 1
e 13 2 1
e 14 0 1
e 14 10 1
e 14 15 1
e 15 3 1
e 15 10 1
e 15 14 1
t # -1
