t # 0
16 52 16 1
v 0 1
v 1 6
v 2 12
v 3 5
v 4 10
v 5 6
v 6 6
v 7 5
v 8 10
v 9 2
v 10 15
v 11 3
v 12 3
v 13 2
v 14 8
v 15 11
e 0 1 1
e 0 3 1
e 0 4 1
e 0 7 1
e 0 11 1
e 1 0 1
e 1 2 1
e 1 4 1
e 1 7 1
e 2 1 1
e 3 0 1
e 3 4 1
e 3 7 1
e 3 13 1
e 4 0 1
e 4 1 1
e 4 3 1
e 4 7 1
e 5 6 1
e 6 5 1
e 6 8 1
e 6 11 1
e 6 13 1
e 6 15 1
e 7 0 1
e 7 1 1
e 7 3 1
e 7 4 1
e 7 10 1
e 7 11 1
e 7 14 1
e 8 6 1
e 8 10 1
e 8 11 1
e 8 13 1
e 9 11 1
e 10 7 1
e 10 8 1
e 11 0 1
e 11 6 1
e 11 7 1
e 11 8 1
e 11 9 1
e 11 12 1
e 12 11 1
e 13 3 1
e 13 6 1
e 13 8 1
e 13 14 1
e 14 7 1
e 14 13 1
e 15 6 1
t # -1
