t # 0
16 52 16 1
v 0 7
v 1 16
v 2 1
v 3 14
v 4 2
v 5 6
v 6 12
v 7 16
v 8 4
v 9 2
v 10 3
v 11 1
v 12 3
v 13 2
v 14 2
v 15 15
e 0 2 1
e 0 3 1
e 0 6 1
e 0 7 1
e 0 9 1
e 1 5 1
e 1 6 1
e 1 7 1
e 1 9 1
e 1 13 1
e 2 0 1
e 2 3 1
e 2 4 1
e 3 0 1
e 3 2 1
e 3 12 1
e 4 2 1
e 4 15 1
e 5 1 1
e 5 9 1
e 5 13 1
e 6 0 1
e 6 1 1
e 6 8 1
e 6 9 1
e 6 10 1
e 7 0 1
e 7 1 1
e 7 9 1
e 7 13 1
e 7 14 1
e 8 6 1
e 8 10 1
e 9 0 1
e 9 1 1
e 9 5 1
e 9 6 1
e 9 7 1
e 9 10 1
e 9 11 1
e 10 6 1
e 10 8 1
e 10 9 1
e 10 15 1
e 11 9 1
e 12 3 1
e 13 1 1
e 13 5 1
e 13 7 1
e 14 7 1
e 15 4 1
e 15 10 1
t # -1
