t # 0
16 50 16 1
v 0 6
v 1 13
v 2 9
v 3 1
v 4 12
v 5 6
v 6 8
v 7 12
v 8 1
v 9 5
v 10 16
v 11 13
v 12 13
v 13 12
v 14 4
v 15 16
e 0 1 1
e 0 4 1
e 0 7 1
e 0 9 1
e 1 0 1
e 1 7 1
e 2 5 1
e 2 6 1
e 2 8 1
e 2 12 1
e 3 6 1
e 3 7 1
e 3 15 1
e 4 0 1
e 4 9 1
e 5 2 1
e 5 7 1
e 5 13 1
e 6 2 1
e 6 3 1
e 6 7 1
e 6 12 1
e 6 13 1
e 6 15 1
e 7 0 1
e 7 1 1
e 7 3 1
e 7 5 1
e 7 6 1
e 7 8 1
e 7 11 1
e 8 2 1
e 8 7 1
e 8 10 1
e 8 11 1
e 9 0 1
e 9 4 1
e 9 13 1
e 9 14 1
e 10 8 1
e 11 7 1
e 11 8 1
e 12 2 1
e 12 6 1
e 13 5 1
e 13 6 1
e 13 9 1
e 14 9 1
e 15 3 1
e 15 6 1
t # -1
