t # 0
16 54 16 1
v 0 12
v 1 1
v 2 9
v 3 15
v 4 5
v 5 15
v 6 14
v 7 7
v 8 4
v 9 2
v 10 11
v 11 4
v 12 1
v 13 11
v 14 8
v 15 1
e 0 1 1
e 0 3 1
e 0 4 1
e 0 5 1
e 0 6 1
e 0 9 1
e 1 0 1
e 1 2 1
e 1 3 1
e 1 6 1
e 1 11 1
e 1 15 1
e 2 1 1
e 2 6 1
e 2 7 1
e 3 0 1
e 3 1 1
e 3 4 1
e 3 6 1
e 4 0 1
e 4 3 1
e 4 5 1
e 4 8 1
e 4 10 1
e 5 0 1
e 5 4 1
e 5 9 1
e 6 0 1
e 6 1 1
e 6 2 1
e 6 3 1
e 6 7 1
e 6 11 1
e 6 12 1
e 7 2 1
e 7 6 1
e 8 4 1
e 9 0 1
e 9 5 1
e 9 12 1
e 10 4 1
e 11 1 1
e 11 6 1
e 11 13 1
e 11 15 1
e 12 6 1
e 12 9 1
e 12 14 1
e 13 11 1
e 13 15 1
e 14 12 1
e 15 1 1
e 15 11 1
e 15 13 1
t # -1
