t # 0
16 46 16 1
v 0 3
v 1 16
v 2 14
v 3 3
v 4 8
v 5 12
v 6 14
v 7 2
v 8 15
v 9 8
v 10 2
v 11 11
v 12 2
v 13 13
v 14 3
v 15 1
e 0 1 1
e 0 2 1
e 1 0 1
e 1 2 1
e 1 5 1
e 1 6 1
e 1 7 1
e 2 0 1
e 2 1 1
e 2 3 1
e 3 2 1
e 3 4 1
e 3 9 1
e 4 3 1
e 4 8 1
e 5 1 1
e 5 14 1
e 6 1 1
e 6 7 1
e 6 10 1
e 6 11 1
e 6 15 1
e 7 1 1
e 7 6 1
e 7 11 1
e 7 14 1
e 7 15 1
e 8 4 1
e 8 13 1
e 9 3 1
e 9 13 1
e 10 6 1
e 10 11 1
e 10 12 1
e 11 6 1
e 11 7 1
e 11 10 1
e 12 10 1
e 13 8 1
e 13 9 1
e 13 15 1
e 14 5 1
e 14 7 1
e 15 6 1
e 15 7 1
e 15 13 1
t # -1
