t # 0
16 54 16 1
v 0 8
v 1 4
v 2 11
v 3 15
v 4 2
v 5 7
v 6 15
v 7 16
v 8 9
v 9 14
v 10 2
v 11 1
v 12 15
v 13 14
v 14 12
v 15 4
e 0 1 1
e 0 5 1
e 0 7 1
e 0 11 1
e 1 0 1
e 1 2 1
e 1 3 1
e 1 7 1
e 1 8 1
e 1 13 1
e 1 14 1
e 2 1 1
e 2 3 1
e 2 10 1
e 3 1 1
e 3 2 1
e 4 5 1
e 4 6 1
e 5 0 1
e 5 4 1
e 5 7 1
e 5 9 1
e 5 11 1
e 5 13 1
e 6 4 1
e 6 15 1
e 7 0 1
e 7 1 1
e 7 5 1
e 7 8 1
e 7 9 1
e 7 11 1
e 7 12 1
e 7 14 1
e 8 1 1
e 8 7 1
e 8 10 1
e 8 14 1
e 9 5 1
e 9 7 1
e 9 14 1
e 10 2 1
e 10 8 1
e 11 0 1
e 11 5 1
e 11 7 1
e 12 7 1
e 13 1 1
e 13 5 1
e 14 1 1
e 14 7 1
e 14 8 1
e 14 9 1
e 15 6 1
t # -1
