t # 0
16 62 16 1
v 0 10
v 1 1
v 2 3
v 3 14
v 4 14
v 5 2
v 6 15
v 7 10
v 8 13
v 9 3
v 10 10
v 11 3
v 12 1
v 13 7
v 14 2
v 15 1
e 0 1 1
e 0 12 1
e 1 0 1
e 1 2 1
e 1 3 1
e 1 4 1
e 1 9 1
e 2 1 1
e 2 3 1
e 2 6 1
e 2 7 1
e 2 9 1
e 2 11 1
e 2 15 1
e 3 1 1
e 3 2 1
e 3 4 1
e 3 5 1
e 3 11 1
e 3 12 1
e 4 1 1
e 4 3 1
e 4 5 1
e 4 6 1
e 4 8 1
e 4 9 1
e 4 12 1
e 4 15 1
e 5 3 1
e 5 4 1
e 5 12 1
e 5 14 1
e 6 2 1
e 6 4 1
e 7 2 1
e 7 10 1
e 8 4 1
e 8 11 1
e 9 1 1
e 9 2 1
e 9 4 1
e 9 11 1
e 9 12 1
e 10 7 1
e 11 2 1
e 11 3 1
e 11 8 1
e 11 9 1
e 11 13 1
e 12 0 1
e 12 3 1
e 12 4 1
e 12 5 1
e 12 9 1
e 13 11 1
e 13 15 1
e 14 5 1
e 14 15 1
e 15 2 1
e 15 4 1
e 15 13 1
e 15 14 1
t # -1
