t # 0
16 52 16 1
v 0 1
v 1 2
v 2 9
v 3 3
v 4 3
v 5 10
v 6 5
v 7 5
v 8 7
v 9 13
v 10 10
v 11 13
v 12 1
v 13 14
v 14 2
v 15 5
e 0 2 1
e 0 4 1
e 0 7 1
e 0 11 1
e 1 2 1
e 1 3 1
e 2 0 1
e 2 1 1
e 2 3 1
e 2 5 1
e 2 7 1
e 3 1 1
e 3 2 1
e 3 4 1
e 3 6 1
e 3 7 1
e 3 12 1
e 4 0 1
e 4 3 1
e 4 5 1
e 4 11 1
e 4 15 1
e 5 2 1
e 5 4 1
e 5 14 1
e 6 3 1
e 6 11 1
e 6 14 1
e 7 0 1
e 7 2 1
e 7 3 1
e 7 9 1
e 7 11 1
e 8 13 1
e 8 14 1
e 9 7 1
e 9 10 1
e 10 9 1
e 10 11 1
e 10 14 1
e 11 0 1
e 11 4 1
e 11 6 1
e 11 7 1
e 11 10 1
e 12 3 1
e 13 8 1
e 14 5 1
e 14 6 1
e 14 8 1
e 14 10 1
e 15 4 1
t # -1
