t # 0
16 44 16 1
v 0 14
v 1 11
v 2 9
v 3 4
v 4 6
v 5 16
v 6 5
v 7 16
v 8 2
v 9 4
v 10 5
v 11 16
v 12 2
v 13 4
v 14 14
v 15 9
e 0 4 1
e 0 7 1
e 0 8 1
e 0 11 1
e 0 12 1
e 0 14 1
e 1 2 1
e 1 3 1
e 1 13 1
e 2 1 1
e 2 10 1
e 3 1 1
e 3 5 1
e 4 0 1
e 5 3 1
e 5 6 1
e 5 13 1
e 6 5 1
e 7 0 1
e 7 8 1
e 7 10 1
e 7 12 1
e 7 14 1
e 7 15 1
e 8 0 1
e 8 7 1
e 8 9 1
e 8 10 1
e 9 8 1
e 10 2 1
e 10 7 1
e 10 8 1
e 11 0 1
e 12 0 1
e 12 7 1
e 12 14 1
e 13 1 1
e 13 5 1
e 14 0 1
e 14 7 1
e 14 12 1
e 14 15 1
e 15 7 1
e 15 14 1
t # -1
