t # 0
16 56 16 1
v 0 5
v 1 12
v 2 7
v 3 13
v 4 12
v 5 16
v 6 6
v 7 2
v 8 16
v 9 1
v 10 7
v 11 4
v 12 7
v 13 2
v 14 11
v 15 7
e 0 1 1
e 0 2 1
e 0 3 1
e 0 4 1
e 0 6 1
e 0 7 1
e 1 0 1
e 1 3 1
e 1 4 1
e 1 7 1
e 1 9 1
e 1 15 1
e 2 0 1
e 2 4 1
e 2 5 1
e 2 10 1
e 2 11 1
e 2 13 1
e 3 0 1
e 3 1 1
e 3 4 1
e 3 6 1
e 3 8 1
e 4 0 1
e 4 1 1
e 4 2 1
e 4 3 1
e 4 7 1
e 4 13 1
e 5 2 1
e 5 10 1
e 6 0 1
e 6 3 1
e 6 15 1
e 7 0 1
e 7 1 1
e 7 4 1
e 8 3 1
e 8 9 1
e 8 15 1
e 9 1 1
e 9 8 1
e 9 12 1
e 10 2 1
e 10 5 1
e 11 2 1
e 11 13 1
e 11 14 1
e 12 9 1
e 13 2 1
e 13 4 1
e 13 11 1
e 14 11 1
e 15 1 1
e 15 6 1
e 15 8 1
t # -1
