t # 0
16 52 16 1
v 0 15
v 1 1
v 2 16
v 3 13
v 4 12
v 5 2
v 6 7
v 7 1
v 8 1
v 9 1
v 10 16
v 11 8
v 12 6
v 13 6
v 14 4
v 15 14
e 0 5 1
e 0 7 1
e 1 2 1
e 1 3 1
e 1 8 1
e 2 1 1
e 2 9 1
e 2 11 1
e 3 1 1
e 3 6 1
e 3 7 1
e 3 11 1
e 3 12 1
e 4 5 1
e 5 0 1
e 5 4 1
e 6 3 1
e 6 7 1
e 6 9 1
e 7 0 1
e 7 3 1
e 7 6 1
e 7 8 1
e 7 9 1
e 7 12 1
e 8 1 1
e 8 7 1
e 9 2 1
e 9 6 1
e 9 7 1
e 9 10 1
e 9 12 1
e 9 13 1
e 9 15 1
e 10 9 1
e 10 11 1
e 11 2 1
e 11 3 1
e 11 10 1
e 11 14 1
e 12 3 1
e 12 7 1
e 12 9 1
e 12 14 1
e 12 15 1
e 13 9 1
e 13 14 1
e 14 11 1
e 14 12 1
e 14 13 1
e 15 9 1
e 15 12 1
t # -1
