t # 0
16 58 16 1
v 0 7
v 1 9
v 2 1
v 3 2
v 4 4
v 5 2
v 6 13
v 7 13
v 8 1
v 9 1
v 10 2
v 11 6
v 12 14
v 13 11
v 14 9
v 15 8
e 0 1 1
e 0 2 1
e 0 3 1
e 0 4 1
e 0 5 1
e 0 9 1
e 1 0 1
e 1 3 1
e 1 4 1
e 1 6 1
e 2 0 1
e 3 0 1
e 3 1 1
e 4 0 1
e 4 1 1
e 4 5 1
e 4 7 1
e 4 8 1
e 4 9 1
e 4 10 1
e 4 11 1
e 4 13 1
e 5 0 1
e 5 4 1
e 5 7 1
e 5 13 1
e 5 14 1
e 5 15 1
e 6 1 1
e 7 4 1
e 7 5 1
e 7 8 1
e 7 12 1
e 7 14 1
e 8 4 1
e 8 7 1
e 8 9 1
e 9 0 1
e 9 4 1
e 9 8 1
e 9 11 1
e 10 4 1
e 10 11 1
e 10 13 1
e 10 15 1
e 11 4 1
e 11 9 1
e 11 10 1
e 11 15 1
e 12 7 1
e 13 4 1
e 13 5 1
e 13 10 1
e 14 5 1
e 14 7 1
e 15 5 1
e 15 10 1
e 15 11 1
t # -1
