t # 0
16 48 16 1
v 0 4
v 1 5
v 2 12
v 3 10
v 4 1
v 5 1
v 6 10
v 7 8
v 8 16
v 9 5
v 10 16
v 11 6
v 12 2
v 13 4
v 14 12
v 15 1
e 0 13 1
e 1 2 1
e 1 3 1
e 1 4 1
e 1 13 1
e 2 1 1
e 2 3 1
e 2 8 1
e 2 9 1
e 3 1 1
e 3 2 1
e 3 12 1
e 3 13 1
e 4 1 1
e 4 5 1
e 4 7 1
e 4 12 1
e 4 14 1
e 4 15 1
e 5 4 1
e 5 11 1
e 5 12 1
e 6 7 1
e 6 8 1
e 7 4 1
e 7 6 1
e 7 11 1
e 7 12 1
e 8 2 1
e 8 6 1
e 9 2 1
e 9 12 1
e 9 14 1
e 10 15 1
e 11 5 1
e 11 7 1
e 12 3 1
e 12 4 1
e 12 5 1
e 12 7 1
e 12 9 1
e 13 0 1
e 13 1 1
e 13 3 1
e 14 4 1
e 14 9 1
e 15 4 1
e 15 10 1
t # -1
