t # 0
16 54 16 1
v 0 4
v 1 3
v 2 5
v 3 5
v 4 10
v 5 2
v 6 2
v 7 3
v 8 6
v 9 3
v 10 11
v 11 5
v 12 1
v 13 11
v 14 11
v 15 8
e 0 1 1
e 0 5 1
e 0 6 1
e 0 8 1
e 1 0 1
e 1 3 1
e 1 12 1
e 2 9 1
e 3 1 1
e 3 4 1
e 3 5 1
e 3 8 1
e 3 10 1
e 3 12 1
e 3 15 1
e 4 3 1
e 4 6 1
e 4 8 1
e 5 0 1
e 5 3 1
e 5 8 1
e 5 9 1
e 5 13 1
e 6 0 1
e 6 4 1
e 6 13 1
e 6 15 1
e 7 8 1
e 7 13 1
e 7 14 1
e 8 0 1
e 8 3 1
e 8 4 1
e 8 5 1
e 8 7 1
e 9 2 1
e 9 5 1
e 10 3 1
e 10 12 1
e 10 13 1
e 11 12 1
e 12 1 1
e 12 3 1
e 12 10 1
e 12 11 1
e 13 5 1
e 13 6 1
e 13 7 1
e 13 10 1
e 13 15 1
e 14 7 1
e 15 3 1
e 15 6 1
e 15 13 1
t # -1
