t # 0
16 44 16 1
v 0 4
v 1 16
v 2 16
v 3 5
v 4 1
v 5 1
v 6 2
v 7 6
v 8 5
v 9 12
v 10 5
v 11 8
v 12 3
v 13 14
v 14 7
v 15 1
e 0 2 1
e 1 2 1
e 1 3 1
e 1 4 1
e 1 5 1
e 1 7 1
e 1 11 1
e 1 13 1
e 2 0 1
e 2 1 1
e 2 4 1
e 2 5 1
e 2 6 1
e 2 14 1
e 2 15 1
e 3 1 1
e 4 1 1
e 4 2 1
e 4 5 1
e 4 10 1
e 4 13 1
e 5 1 1
e 5 2 1
e 5 4 1
e 6 2 1
e 7 1 1
e 7 11 1
e 7 14 1
e 8 9 1
e 8 10 1
e 9 8 1
e 10 4 1
e 10 8 1
e 10 14 1
e 11 1 1
e 11 7 1
e 12 14 1
e 13 1 1
e 13 4 1
e 14 2 1
e 14 7 1
e 14 10 1
e 14 12 1
e 15 2 1
t # -1
