t # 0
16 44 16 1
v 0 1
v 1 12
v 2 15
v 3 16
v 4 9
v 5 9
v 6 1
v 7 7
v 8 1
v 9 5
v 10 4
v 11 10
v 12 14
v 13 5
v 14 13
v 15 1
e 0 3 1
e 0 4 1
e 0 7 1
e 0 8 1
e 0 11 1
e 0 12 1
e 0 14 1
e 1 14 1
e 2 8 1
e 3 0 1
e 3 7 1
e 3 11 1
e 4 0 1
e 4 5 1
e 4 11 1
e 5 4 1
e 6 10 1
e 6 11 1
e 7 0 1
e 7 3 1
e 7 11 1
e 8 0 1
e 8 2 1
e 8 13 1
e 8 14 1
e 8 15 1
e 9 11 1
e 10 6 1
e 11 0 1
e 11 3 1
e 11 4 1
e 11 6 1
e 11 7 1
e 11 9 1
e 12 0 1
e 12 15 1
e 13 8 1
e 14 0 1
e 14 1 1
e 14 8 1
e 14 15 1
e 15 8 1
e 15 12 1
e 15 14 1
t # -1
