t # 0
16 52 16 1
v 0 9
v 1 12
v 2 5
v 3 11
v 4 3
v 5 1
v 6 1
v 7 7
v 8 6
v 9 15
v 10 1
v 11 3
v 12 7
v 13 4
v 14 10
v 15 10
e 0 1 1
e 0 2 1
e 0 3 1
e 0 10 1
e 1 0 1
e 1 2 1
e 1 4 1
e 1 7 1
e 1 8 1
e 1 9 1
e 1 11 1
e 2 0 1
e 2 1 1
e 2 5 1
e 2 6 1
e 2 7 1
e 2 8 1
e 2 11 1
e 2 14 1
e 3 0 1
e 3 10 1
e 4 1 1
e 4 5 1
e 5 2 1
e 5 4 1
e 5 6 1
e 5 7 1
e 5 12 1
e 6 2 1
e 6 5 1
e 6 7 1
e 7 1 1
e 7 2 1
e 7 5 1
e 7 6 1
e 7 11 1
e 8 1 1
e 8 2 1
e 8 9 1
e 8 13 1
e 9 1 1
e 9 8 1
e 9 15 1
e 10 0 1
e 10 3 1
e 11 1 1
e 11 2 1
e 11 7 1
e 12 5 1
e 13 8 1
e 14 2 1
e 15 9 1
t # -1
