t # 0
16 46 16 1
v 0 1
v 1 1
v 2 5
v 3 7
v 4 3
v 5 3
v 6 1
v 7 1
v 8 5
v 9 1
v 10 4
v 11 8
v 12 12
v 13 4
v 14 13
v 15 1
e 0 1 1
e 0 9 1
e 1 0 1
e 1 2 1
e 1 3 1
e 1 6 1
e 1 7 1
e 1 15 1
e 2 1 1
e 2 3 1
e 2 4 1
e 2 5 1
e 2 8 1
e 2 14 1
e 3 1 1
e 3 2 1
e 3 4 1
e 3 10 1
e 3 15 1
e 4 2 1
e 4 3 1
e 4 11 1
e 5 2 1
e 6 1 1
e 6 7 1
e 6 13 1
e 7 1 1
e 7 6 1
e 7 13 1
e 7 15 1
e 8 2 1
e 9 0 1
e 10 3 1
e 10 12 1
e 10 15 1
e 11 4 1
e 11 13 1
e 12 10 1
e 13 6 1
e 13 7 1
e 13 11 1
e 14 2 1
e 15 1 1
e 15 3 1
e 15 7 1
e 15 10 1
t # -1
