t # 0
16 56 16 1
v 0 3
v 1 4
v 2 11
v 3 2
v 4 12
v 5 12
v 6 10
v 7 1
v 8 3
v 9 1
v 10 1
v 11 7
v 12 6
v 13 2
v 14 12
v 15 3
e 0 1 1
e 0 2 1
e 0 3 1
e 0 5 1
e 0 6 1
e 0 8 1
e 0 12 1
e 0 13 1
e 1 0 1
e 1 2 1
e 1 3 1
e 1 4 1
e 1 5 1
e 2 0 1
e 2 1 1
e 2 4 1
e 2 5 1
e 2 6 1
e 2 13 1
e 2 14 1
e 3 0 1
e 3 1 1
e 4 1 1
e 4 2 1
e 4 7 1
e 4 9 1
e 4 15 1
e 5 0 1
e 5 1 1
e 5 2 1
e 5 12 1
e 5 13 1
e 6 0 1
e 6 2 1
e 6 7 1
e 6 15 1
e 7 4 1
e 7 6 1
e 7 15 1
e 8 0 1
e 9 4 1
e 9 10 1
e 9 11 1
e 10 9 1
e 11 9 1
e 12 0 1
e 12 5 1
e 12 13 1
e 13 0 1
e 13 2 1
e 13 5 1
e 13 12 1
e 14 2 1
e 15 4 1
e 15 6 1
e 15 7 1
t # -1
