t # 0
16 48 16 1
v 0 1
v 1 3
v 2 4
v 3 3
v 4 2
v 5 3
v 6 6
v 7 13
v 8 15
v 9 3
v 10 16
v 11 6
v 12 8
v 13 4
v 14 10
v 15 5
e 0 1 1
e 0 2 1
e 0 3 1
e 0 7 1
e 0 14 1
e 1 0 1
e 1 4 1
e 1 5 1
e 1 7 1
e 1 10 1
e 1 11 1
e 1 12 1
e 2 0 1
e 2 14 1
e 3 0 1
e 3 13 1
e 4 1 1
e 4 6 1
e 4 7 1
e 5 1 1
e 5 7 1
e 6 4 1
e 6 8 1
e 6 14 1
e 6 15 1
e 7 0 1
e 7 1 1
e 7 4 1
e 7 5 1
e 7 9 1
e 8 6 1
e 9 7 1
e 9 14 1
e 10 1 1
e 10 11 1
e 11 1 1
e 11 10 1
e 11 14 1
e 12 1 1
e 13 3 1
e 14 0 1
e 14 2 1
e 14 6 1
e 14 9 1
e 14 11 1
e 14 15 1
e 15 6 1
e 15 14 1
t # -1
