t # 0
16 60 16 1
v 0 9
v 1 3
v 2 4
v 3 2
v 4 14
v 5 2
v 6 1
v 7 9
v 8 3
v 9 1
v 10 2
v 11 14
v 12 12
v 13 7
v 14 15
v 15 8
e 0 2 1
e 0 3 1
e 0 5 1
e 1 2 1
e 1 7 1
e 1 9 1
e 1 11 1
e 2 0 1
e 2 1 1
e 2 4 1
e 2 5 1
e 2 6 1
e 2 8 1
e 2 14 1
e 3 0 1
e 3 6 1
e 3 9 1
e 3 11 1
e 4 2 1
e 4 6 1
e 4 7 1
e 4 9 1
e 5 0 1
e 5 2 1
e 5 8 1
e 5 9 1
e 5 11 1
e 6 2 1
e 6 3 1
e 6 4 1
e 6 7 1
e 6 12 1
e 6 14 1
e 7 1 1
e 7 4 1
e 7 6 1
e 8 2 1
e 8 5 1
e 8 9 1
e 8 11 1
e 9 1 1
e 9 3 1
e 9 4 1
e 9 5 1
e 9 8 1
e 9 11 1
e 10 13 1
e 10 15 1
e 11 1 1
e 11 3 1
e 11 5 1
e 11 8 1
e 11 9 1
e 12 6 1
e 13 10 1
e 13 14 1
e 14 2 1
e 14 6 1
e 14 13 1
e 15 10 1
t # -1
