t # 0
16 60 16 1
v 0 5
v 1 1
v 2 16
v 3 10
v 4 2
v 5 1
v 6 12
v 7 9
v 8 8
v 9 2
v 10 9
v 11 2
v 12 16
v 13 7
v 14 2
v 15 4
e 0 6 1
e 0 7 1
e 0 8 1
e 1 4 1
e 1 5 1
e 2 3 1
e 2 6 1
e 2 10 1
e 2 15 1
e 3 2 1
e 3 4 1
e 3 6 1
e 3 7 1
e 3 9 1
e 3 15 1
e 4 1 1
e 4 3 1
e 4 6 1
e 4 15 1
e 5 1 1
e 5 11 1
e 6 0 1
e 6 2 1
e 6 3 1
e 6 4 1
e 6 9 1
e 6 12 1
e 6 15 1
e 7 0 1
e 7 3 1
e 7 8 1
e 7 9 1
e 7 10 1
e 7 15 1
e 8 0 1
e 8 7 1
e 8 13 1
e 8 15 1
e 9 3 1
e 9 6 1
e 9 7 1
e 9 10 1
e 10 2 1
e 10 7 1
e 10 9 1
e 10 15 1
e 11 5 1
e 11 14 1
e 12 6 1
e 12 15 1
e 13 8 1
e 14 11 1
e 15 2 1
e 15 3 1
e 15 4 1
e 15 6 1
e 15 7 1
e 15 8 1
e 15 10 1
e 15 12 1
t # -1
