t # 0
16 62 16 1
v 0 1
v 1 7
v 2 3
v 3 8
v 4 15
v 5 5
v 6 15
v 7 12
v 8 10
v 9 3
v 10 8
v 11 2
v 12 8
v 13 2
v 14 13
v 15 3
e 0 1 1
e 0 3 1
e 0 9 1
e 1 0 1
e 1 2 1
e 1 3 1
e 1 5 1
e 1 6 1
e 1 7 1
e 1 9 1
e 1 13 1
e 1 14 1
e 2 1 1
e 2 3 1
e 2 4 1
e 2 5 1
e 3 0 1
e 3 1 1
e 3 2 1
e 3 5 1
e 4 2 1
e 4 9 1
e 4 12 1
e 4 13 1
e 5 1 1
e 5 2 1
e 5 3 1
e 5 8 1
e 5 9 1
e 5 10 1
e 5 13 1
e 6 1 1
e 6 7 1
e 6 14 1
e 7 1 1
e 7 6 1
e 7 11 1
e 7 13 1
e 7 14 1
e 8 5 1
e 9 0 1
e 9 1 1
e 9 4 1
e 9 5 1
e 10 5 1
e 11 7 1
e 11 13 1
e 11 14 1
e 11 15 1
e 12 4 1
e 12 13 1
e 13 1 1
e 13 4 1
e 13 5 1
e 13 7 1
e 13 11 1
e 13 12 1
e 14 1 1
e 14 6 1
e 14 7 1
e 14 11 1
e 15 11 1
t # -1
