t # 0
16 62 16 1
v 0 10
v 1 9
v 2 6
v 3 11
v 4 5
v 5 10
v 6 1
v 7 5
v 8 9
v 9 11
v 10 4
v 11 12
v 12 15
v 13 10
v 14 14
v 15 13
e 0 1 1
e 0 3 1
e 1 0 1
e 1 2 1
e 1 3 1
e 1 4 1
e 1 6 1
e 1 13 1
e 2 1 1
e 2 3 1
e 2 5 1
e 2 9 1
e 2 13 1
e 3 0 1
e 3 1 1
e 3 2 1
e 3 5 1
e 3 7 1
e 3 8 1
e 3 9 1
e 3 10 1
e 3 12 1
e 3 13 1
e 3 14 1
e 3 15 1
e 4 1 1
e 4 7 1
e 4 8 1
e 4 13 1
e 4 14 1
e 5 2 1
e 5 3 1
e 5 7 1
e 6 1 1
e 7 3 1
e 7 4 1
e 7 5 1
e 7 8 1
e 7 13 1
e 7 14 1
e 8 3 1
e 8 4 1
e 8 7 1
e 8 11 1
e 8 14 1
e 9 2 1
e 9 3 1
e 9 13 1
e 10 3 1
e 11 8 1
e 12 3 1
e 13 1 1
e 13 2 1
e 13 3 1
e 13 4 1
e 13 7 1
e 13 9 1
e 14 3 1
e 14 4 1
e 14 7 1
e 14 8 1
e 15 3 1
t # -1
