t # 0
16 60 16 1
v 0 12
v 1 3
v 2 5
v 3 12
v 4 11
v 5 13
v 6 12
v 7 3
v 8 3
v 9 8
v 10 5
v 11 7
v 12 6
v 13 13
v 14 4
v 15 16
e 0 1 1
e 0 14 1
e 1 0 1
e 1 2 1
e 1 3 1
e 1 4 1
e 1 5 1
e 1 10 1
e 1 11 1
e 1 12 1
e 1 14 1
e 2 1 1
e 2 6 1
e 2 10 1
e 2 12 1
e 2 14 1
e 3 1 1
e 3 4 1
e 4 1 1
e 4 3 1
e 4 5 1
e 4 7 1
e 5 1 1
e 5 4 1
e 6 2 1
e 6 12 1
e 7 4 1
e 8 10 1
e 8 11 1
e 9 13 1
e 10 1 1
e 10 2 1
e 10 8 1
e 10 11 1
e 10 12 1
e 10 14 1
e 10 15 1
e 11 1 1
e 11 8 1
e 11 10 1
e 11 12 1
e 11 13 1
e 11 15 1
e 12 1 1
e 12 2 1
e 12 6 1
e 12 10 1
e 12 11 1
e 12 13 1
e 13 9 1
e 13 11 1
e 13 12 1
e 14 0 1
e 14 1 1
e 14 2 1
e 14 10 1
e 14 15 1
e 15 10 1
e 15 11 1
e 15 14 1
t # -1
