t # 0
16 60 16 1
v 0 16
v 1 2
v 2 3
v 3 10
v 4 1
v 5 5
v 6 7
v 7 9
v 8 3
v 9 2
v 10 1
v 11 7
v 12 11
v 13 1
v 14 1
v 15 2
e 0 1 1
e 0 4 1
e 0 11 1
e 1 0 1
e 1 2 1
e 1 3 1
e 1 4 1
e 1 7 1
e 1 11 1
e 1 14 1
e 2 1 1
e 2 3 1
e 3 1 1
e 3 2 1
e 3 6 1
e 3 8 1
e 3 9 1
e 3 10 1
e 3 11 1
e 3 13 1
e 3 14 1
e 3 15 1
e 4 0 1
e 4 1 1
e 4 5 1
e 4 13 1
e 5 4 1
e 5 7 1
e 6 3 1
e 6 15 1
e 7 1 1
e 7 5 1
e 7 8 1
e 7 15 1
e 8 3 1
e 8 7 1
e 8 10 1
e 8 12 1
e 8 14 1
e 9 3 1
e 10 3 1
e 10 8 1
e 10 14 1
e 11 0 1
e 11 1 1
e 11 3 1
e 11 13 1
e 12 8 1
e 13 3 1
e 13 4 1
e 13 11 1
e 14 1 1
e 14 3 1
e 14 8 1
e 14 10 1
e 14 15 1
e 15 3 1
e 15 6 1
e 15 7 1
e 15 14 1
t # -1
