t # 0
16 44 16 1
v 0 8
v 1 2
v 2 5
v 3 1
v 4 5
v 5 1
v 6 4
v 7 13
v 8 1
v 9 12
v 10 6
v 11 14
v 12 1
v 13 6
v 14 5
v 15 5
e 0 1 1
e 1 0 1
e 1 2 1
e 1 3 1
e 1 4 1
e 1 6 1
e 1 8 1
e 2 1 1
e 2 5 1
e 2 6 1
e 3 1 1
e 3 5 1
e 3 9 1
e 3 10 1
e 3 14 1
e 4 1 1
e 5 2 1
e 5 3 1
e 5 13 1
e 5 14 1
e 6 1 1
e 6 2 1
e 6 9 1
e 6 15 1
e 7 12 1
e 8 1 1
e 8 12 1
e 8 15 1
e 9 3 1
e 9 6 1
e 9 11 1
e 10 3 1
e 11 9 1
e 12 7 1
e 12 8 1
e 13 5 1
e 13 15 1
e 14 3 1
e 14 5 1
e 14 15 1
e 15 6 1
e 15 8 1
e 15 13 1
e 15 14 1
t # -1
