t # 0
16 56 16 1
v 0 15
v 1 9
v 2 7
v 3 5
v 4 6
v 5 15
v 6 3
v 7 1
v 8 8
v 9 7
v 10 1
v 11 4
v 12 12
v 13 2
v 14 11
v 15 2
e 0 4 1
e 0 7 1
e 0 9 1
e 0 10 1
e 0 14 1
e 1 2 1
e 1 3 1
e 1 5 1
e 1 8 1
e 1 13 1
e 1 14 1
e 2 1 1
e 2 6 1
e 2 14 1
e 3 1 1
e 3 13 1
e 4 0 1
e 4 6 1
e 5 1 1
e 5 15 1
e 6 2 1
e 6 4 1
e 6 8 1
e 6 9 1
e 6 10 1
e 6 14 1
e 7 0 1
e 7 9 1
e 7 11 1
e 8 1 1
e 8 6 1
e 8 14 1
e 9 0 1
e 9 6 1
e 9 7 1
e 9 10 1
e 9 12 1
e 9 13 1
e 9 14 1
e 10 0 1
e 10 6 1
e 10 9 1
e 10 14 1
e 11 7 1
e 12 9 1
e 13 1 1
e 13 3 1
e 13 9 1
e 14 0 1
e 14 1 1
e 14 2 1
e 14 6 1
e 14 8 1
e 14 9 1
e 14 10 1
e 15 5 1
t # -1
