t # 0
16 60 16 1
v 0 13
v 1 6
v 2 2
v 3 4
v 4 1
v 5 1
v 6 12
v 7 9
v 8 7
v 9 11
v 10 2
v 11 3
v 12 14
v 13 2
v 14 1
v 15 5
e 0 2 1
e 0 13 1
e 0 15 1
e 1 2 1
e 1 6 1
e 1 8 1
e 2 0 1
e 2 1 1
e 2 3 1
e 2 4 1
e 2 6 1
e 2 7 1
e 2 10 1
e 2 11 1
e 2 13 1
e 3 2 1
e 3 4 1
e 3 11 1
e 4 2 1
e 4 3 1
e 4 11 1
e 4 15 1
e 5 10 1
e 5 15 1
e 6 1 1
e 6 2 1
e 6 9 1
e 6 10 1
e 6 15 1
e 7 2 1
e 7 11 1
e 8 1 1
e 8 13 1
e 9 6 1
e 9 14 1
e 9 15 1
e 10 2 1
e 10 5 1
e 10 6 1
e 10 13 1
e 10 15 1
e 11 2 1
e 11 3 1
e 11 4 1
e 11 7 1
e 11 12 1
e 12 11 1
e 13 0 1
e 13 2 1
e 13 8 1
e 13 10 1
e 14 9 1
e 14 15 1
e 15 0 1
e 15 4 1
e 15 5 1
e 15 6 1
e 15 9 1
e 15 10 1
e 15 14 1
t # -1
