t # 0
16 52 16 1
v 0 13
v 1 6
v 2 1
v 3 8
v 4 15
v 5 4
v 6 4
v 7 1
v 8 4
v 9 3
v 10 14
v 11 3
v 12 16
v 13 10
v 14 10
v 15 1
e 0 1 1
e 0 2 1
e 0 12 1
e 1 0 1
e 1 3 1
e 1 4 1
e 1 6 1
e 2 0 1
e 2 10 1
e 2 12 1
e 3 1 1
e 3 6 1
e 3 7 1
e 4 1 1
e 4 8 1
e 4 12 1
e 5 6 1
e 5 7 1
e 5 8 1
e 5 12 1
e 6 1 1
e 6 3 1
e 6 5 1
e 6 7 1
e 6 14 1
e 6 15 1
e 7 3 1
e 7 5 1
e 7 6 1
e 7 9 1
e 7 15 1
e 8 4 1
e 8 5 1
e 8 11 1
e 8 12 1
e 9 7 1
e 9 13 1
e 10 2 1
e 10 14 1
e 11 8 1
e 12 0 1
e 12 2 1
e 12 4 1
e 12 5 1
e 12 8 1
e 12 14 1
e 13 9 1
e 14 6 1
e 14 10 1
e 14 12 1
e 15 6 1
e 15 7 1
t # -1
