t # 0
16 46 16 1
v 0 3
v 1 1
v 2 2
v 3 3
v 4 1
v 5 6
v 6 4
v 7 1
v 8 5
v 9 6
v 10 16
v 11 13
v 12 5
v 13 13
v 14 15
v 15 6
e 0 1 1
e 0 3 1
e 0 11 1
e 1 0 1
e 1 2 1
e 1 3 1
e 1 4 1
e 1 5 1
e 1 6 1
e 1 8 1
e 1 11 1
e 2 1 1
e 2 5 1
e 2 8 1
e 3 0 1
e 3 1 1
e 3 6 1
e 3 9 1
e 3 11 1
e 4 1 1
e 5 1 1
e 5 2 1
e 5 10 1
e 6 1 1
e 6 3 1
e 6 11 1
e 6 12 1
e 7 12 1
e 7 14 1
e 8 1 1
e 8 2 1
e 9 3 1
e 9 11 1
e 10 5 1
e 11 0 1
e 11 1 1
e 11 3 1
e 11 6 1
e 11 9 1
e 11 13 1
e 12 6 1
e 12 7 1
e 13 11 1
e 13 15 1
e 14 7 1
e 15 13 1
t # -1
