t # 0
16 58 16 1
v 0 12
v 1 10
v 2 1
v 3 16
v 4 11
v 5 8
v 6 1
v 7 15
v 8 2
v 9 16
v 10 7
v 11 6
v 12 5
v 13 2
v 14 11
v 15 5
e 0 3 1
e 0 4 1
e 0 6 1
e 0 15 1
e 1 3 1
e 1 9 1
e 1 11 1
e 1 15 1
e 2 4 1
e 2 12 1
e 3 0 1
e 3 1 1
e 3 5 1
e 3 15 1
e 4 0 1
e 4 2 1
e 4 9 1
e 5 3 1
e 5 9 1
e 5 13 1
e 6 0 1
e 6 8 1
e 6 9 1
e 6 11 1
e 7 10 1
e 7 12 1
e 7 15 1
e 8 6 1
e 8 11 1
e 8 12 1
e 9 1 1
e 9 4 1
e 9 5 1
e 9 6 1
e 9 12 1
e 9 15 1
e 10 7 1
e 10 11 1
e 10 15 1
e 11 1 1
e 11 6 1
e 11 8 1
e 11 10 1
e 11 14 1
e 12 2 1
e 12 7 1
e 12 8 1
e 12 9 1
e 12 15 1
e 13 5 1
e 14 11 1
e 15 0 1
e 15 1 1
e 15 3 1
e 15 7 1
e 15 9 1
e 15 10 1
e 15 12 1
t # -1
