t # 0
16 54 16 1
v 0 14
v 1 7
v 2 3
v 3 1
v 4 5
v 5 3
v 6 8
v 7 15
v 8 3
v 9 1
v 10 6
v 11 5
v 12 5
v 13 15
v 14 1
v 15 2
e 0 2 1
e 0 3 1
e 1 2 1
e 1 4 1
e 1 12 1
e 2 0 1
e 2 1 1
e 2 4 1
e 2 5 1
e 2 7 1
e 2 12 1
e 2 13 1
e 3 0 1
e 3 4 1
e 3 8 1
e 3 11 1
e 3 12 1
e 4 1 1
e 4 2 1
e 4 3 1
e 4 6 1
e 4 8 1
e 4 12 1
e 4 13 1
e 5 2 1
e 5 8 1
e 5 9 1
e 6 4 1
e 7 2 1
e 7 12 1
e 7 13 1
e 8 3 1
e 8 4 1
e 8 5 1
e 8 13 1
e 9 5 1
e 10 12 1
e 10 14 1
e 10 15 1
e 11 3 1
e 12 1 1
e 12 2 1
e 12 3 1
e 12 4 1
e 12 7 1
e 12 10 1
e 12 13 1
e 13 2 1
e 13 4 1
e 13 7 1
e 13 8 1
e 13 12 1
e 14 10 1
e 15 10 1
t # -1
