t # 0
16 56 16 1
v 0 8
v 1 7
v 2 2
v 3 3
v 4 13
v 5 1
v 6 1
v 7 8
v 8 1
v 9 8
v 10 15
v 11 2
v 12 3
v 13 12
v 14 5
v 15 15
e 0 1 1
e 0 4 1
e 1 0 1
e 1 2 1
e 1 6 1
e 1 9 1
e 1 10 1
e 1 14 1
e 1 15 1
e 2 1 1
e 2 4 1
e 2 13 1
e 3 7 1
e 3 11 1
e 4 0 1
e 4 2 1
e 4 5 1
e 4 9 1
e 4 10 1
e 4 11 1
e 4 12 1
e 4 13 1
e 5 4 1
e 5 7 1
e 6 1 1
e 6 15 1
e 7 3 1
e 7 5 1
e 8 9 1
e 8 15 1
e 9 1 1
e 9 4 1
e 9 8 1
e 9 15 1
e 10 1 1
e 10 4 1
e 10 11 1
e 10 13 1
e 10 14 1
e 11 3 1
e 11 4 1
e 11 10 1
e 11 14 1
e 12 4 1
e 13 2 1
e 13 4 1
e 13 10 1
e 13 14 1
e 14 1 1
e 14 10 1
e 14 11 1
e 14 13 1
e 15 1 1
e 15 6 1
e 15 8 1
e 15 9 1
t # -1
