t # 0
16 54 16 1
v 0 9
v 1 2
v 2 11
v 3 5
v 4 4
v 5 1
v 6 1
v 7 7
v 8 8
v 9 14
v 10 12
v 11 3
v 12 4
v 13 2
v 14 15
v 15 5
e 0 1 1
e 0 6 1
e 0 7 1
e 1 0 1
e 1 4 1
e 1 8 1
e 1 9 1
e 2 6 1
e 2 10 1
e 3 5 1
e 3 10 1
e 3 11 1
e 3 14 1
e 4 1 1
e 5 3 1
e 5 6 1
e 5 9 1
e 5 10 1
e 6 0 1
e 6 2 1
e 6 5 1
e 6 7 1
e 6 9 1
e 6 10 1
e 6 14 1
e 6 15 1
e 7 0 1
e 7 6 1
e 7 8 1
e 7 14 1
e 8 1 1
e 8 7 1
e 8 12 1
e 8 13 1
e 9 1 1
e 9 5 1
e 9 6 1
e 9 10 1
e 9 11 1
e 10 2 1
e 10 3 1
e 10 5 1
e 10 6 1
e 10 9 1
e 10 11 1
e 11 3 1
e 11 9 1
e 11 10 1
e 12 8 1
e 13 8 1
e 14 3 1
e 14 6 1
e 14 7 1
e 15 6 1
t # -1
