t # 0
16 58 16 1
v 0 1
v 1 8
v 2 11
v 3 1
v 4 5
v 5 6
v 6 5
v 7 6
v 8 14
v 9 4
v 10 9
v 11 5
v 12 3
v 13 6
v 14 2
v 15 4
e 0 1 1
e 0 3 1
e 0 4 1
e 0 11 1
e 1 0 1
e 1 2 1
e 1 3 1
e 1 4 1
e 1 5 1
e 1 10 1
e 1 15 1
e 2 1 1
e 2 7 1
e 3 0 1
e 3 1 1
e 3 4 1
e 3 10 1
e 4 0 1
e 4 1 1
e 4 3 1
e 4 5 1
e 4 6 1
e 4 8 1
e 4 12 1
e 4 13 1
e 4 14 1
e 5 1 1
e 5 4 1
e 5 13 1
e 6 4 1
e 6 7 1
e 6 12 1
e 6 13 1
e 7 2 1
e 7 6 1
e 7 9 1
e 7 13 1
e 8 4 1
e 8 15 1
e 9 7 1
e 10 1 1
e 10 3 1
e 10 13 1
e 10 15 1
e 11 0 1
e 12 4 1
e 12 6 1
e 12 13 1
e 13 4 1
e 13 5 1
e 13 6 1
e 13 7 1
e 13 10 1
e 13 12 1
e 14 4 1
e 15 1 1
e 15 8 1
e 15 10 1
t # -1
