t # 0
16 48 16 1
v 0 2
v 1 1
v 2 6
v 3 4
v 4 14
v 5 1
v 6 6
v 7 16
v 8 9
v 9 1
v 10 16
v 11 16
v 12 5
v 13 5
v 14 3
v 15 2
e 0 4 1
e 0 12 1
e 0 13 1
e 1 4 1
e 2 3 1
e 2 4 1
e 2 5 1
e 2 6 1
e 3 2 1
e 4 0 1
e 4 1 1
e 4 2 1
e 4 5 1
e 4 8 1
e 4 10 1
e 4 12 1
e 4 13 1
e 5 2 1
e 5 4 1
e 5 12 1
e 6 2 1
e 6 9 1
e 6 14 1
e 7 8 1
e 7 13 1
e 8 4 1
e 8 7 1
e 8 9 1
e 9 6 1
e 9 8 1
e 9 10 1
e 9 12 1
e 9 15 1
e 10 4 1
e 10 9 1
e 10 11 1
e 10 13 1
e 11 10 1
e 12 0 1
e 12 4 1
e 12 5 1
e 12 9 1
e 13 0 1
e 13 4 1
e 13 7 1
e 13 10 1
e 14 6 1
e 15 9 1
t # -1
