t # 0
16 44 16 1
v 0 15
v 1 7
v 2 6
v 3 7
v 4 7
v 5 5
v 6 13
v 7 15
v 8 10
v 9 9
v 10 2
v 11 4
v 12 1
v 13 7
v 14 4
v 15 12
e 0 1 1
e 0 4 1
e 0 13 1
e 1 0 1
e 1 2 1
e 1 3 1
e 1 4 1
e 1 12 1
e 1 13 1
e 2 1 1
e 2 14 1
e 2 15 1
e 3 1 1
e 3 9 1
e 3 12 1
e 4 0 1
e 4 1 1
e 4 5 1
e 5 4 1
e 5 7 1
e 5 10 1
e 6 8 1
e 6 15 1
e 7 5 1
e 8 6 1
e 9 3 1
e 9 11 1
e 9 13 1
e 9 15 1
e 10 5 1
e 11 9 1
e 11 13 1
e 12 1 1
e 12 3 1
e 12 13 1
e 13 0 1
e 13 1 1
e 13 9 1
e 13 11 1
e 13 12 1
e 14 2 1
e 15 2 1
e 15 6 1
e 15 9 1
t # -1
