t # 0
16 50 16 1
v 0 7
v 1 6
v 2 1
v 3 4
v 4 6
v 5 2
v 6 5
v 7 5
v 8 12
v 9 6
v 10 7
v 11 10
v 12 1
v 13 1
v 14 9
v 15 6
e 0 1 1
e 0 3 1
e 0 7 1
e 1 0 1
e 1 2 1
e 1 6 1
e 1 11 1
e 1 15 1
e 2 1 1
e 2 3 1
e 2 11 1
e 2 14 1
e 3 0 1
e 3 2 1
e 3 4 1
e 4 3 1
e 4 7 1
e 4 8 1
e 4 11 1
e 4 12 1
e 4 14 1
e 5 15 1
e 6 1 1
e 7 0 1
e 7 4 1
e 7 11 1
e 7 13 1
e 7 14 1
e 8 4 1
e 8 10 1
e 9 12 1
e 10 8 1
e 10 13 1
e 11 1 1
e 11 2 1
e 11 4 1
e 11 7 1
e 11 13 1
e 12 4 1
e 12 9 1
e 13 7 1
e 13 10 1
e 13 11 1
e 13 15 1
e 14 2 1
e 14 4 1
e 14 7 1
e 15 1 1
e 15 5 1
e 15 13 1
t # -1
