t # 0
16 56 16 1
v 0 1
v 1 10
v 2 2
v 3 8
v 4 15
v 5 5
v 6 3
v 7 3
v 8 11
v 9 2
v 10 10
v 11 2
v 12 5
v 13 6
v 14 6
v 15 2
e 0 9 1
e 1 2 1
e 1 3 1
e 1 5 1
e 1 13 1
e 1 15 1
e 2 1 1
e 2 3 1
e 2 4 1
e 2 9 1
e 2 10 1
e 3 1 1
e 3 2 1
e 3 4 1
e 3 9 1
e 3 10 1
e 3 11 1
e 3 14 1
e 3 15 1
e 4 2 1
e 4 3 1
e 4 6 1
e 4 7 1
e 4 9 1
e 4 10 1
e 4 13 1
e 4 14 1
e 4 15 1
e 5 1 1
e 5 8 1
e 6 4 1
e 6 12 1
e 7 4 1
e 8 5 1
e 9 0 1
e 9 2 1
e 9 3 1
e 9 4 1
e 9 10 1
e 9 11 1
e 10 2 1
e 10 3 1
e 10 4 1
e 10 9 1
e 11 3 1
e 11 9 1
e 12 6 1
e 13 1 1
e 13 4 1
e 14 3 1
e 14 4 1
e 14 15 1
e 15 1 1
e 15 3 1
e 15 4 1
e 15 14 1
t # -1
