t # 0
16 46 16 1
v 0 2
v 1 7
v 2 8
v 3 11
v 4 7
v 5 15
v 6 3
v 7 3
v 8 13
v 9 13
v 10 12
v 11 1
v 12 15
v 13 14
v 14 9
v 15 1
e 0 1 1
e 0 2 1
e 0 3 1
e 1 0 1
e 1 2 1
e 1 3 1
e 2 0 1
e 2 1 1
e 2 3 1
e 2 4 1
e 2 10 1
e 2 13 1
e 2 15 1
e 3 0 1
e 3 1 1
e 3 2 1
e 3 13 1
e 3 15 1
e 4 2 1
e 4 6 1
e 4 7 1
e 4 9 1
e 5 8 1
e 5 11 1
e 5 15 1
e 6 4 1
e 6 7 1
e 6 9 1
e 7 4 1
e 7 6 1
e 8 5 1
e 8 11 1
e 9 4 1
e 9 6 1
e 9 12 1
e 10 2 1
e 11 5 1
e 11 8 1
e 12 9 1
e 13 2 1
e 13 3 1
e 13 14 1
e 14 13 1
e 15 2 1
e 15 3 1
e 15 5 1
t # -1
