t # 0
16 60 16 1
v 0 12
v 1 1
v 2 12
v 3 14
v 4 16
v 5 7
v 6 4
v 7 8
v 8 13
v 9 8
v 10 5
v 11 2
v 12 2
v 13 11
v 14 11
v 15 8
e 0 1 1
e 0 4 1
e 0 9 1
e 1 0 1
e 1 5 1
e 1 7 1
e 2 3 1
e 2 4 1
e 2 6 1
e 2 9 1
e 2 14 1
e 3 2 1
e 3 4 1
e 3 9 1
e 3 14 1
e 3 15 1
e 4 0 1
e 4 2 1
e 4 3 1
e 4 8 1
e 4 9 1
e 4 11 1
e 4 13 1
e 4 14 1
e 4 15 1
e 5 1 1
e 5 6 1
e 5 7 1
e 5 10 1
e 5 12 1
e 6 2 1
e 6 5 1
e 6 15 1
e 7 1 1
e 7 5 1
e 7 12 1
e 8 4 1
e 8 11 1
e 8 13 1
e 9 0 1
e 9 2 1
e 9 3 1
e 9 4 1
e 9 14 1
e 9 15 1
e 10 5 1
e 11 4 1
e 11 8 1
e 12 5 1
e 12 7 1
e 13 4 1
e 13 8 1
e 14 2 1
e 14 3 1
e 14 4 1
e 14 9 1
e 15 3 1
e 15 4 1
e 15 6 1
e 15 9 1
t # -1
