t # 0
16 46 16 1
v 0 1
v 1 1
v 2 11
v 3 5
v 4 15
v 5 11
v 6 8
v 7 1
v 8 4
v 9 14
v 10 13
v 11 5
v 12 4
v 13 7
v 14 9
v 15 3
e 0 2 1
e 0 3 1
e 0 6 1
e 0 10 1
e 0 11 1
e 0 13 1
e 1 2 1
e 1 3 1
e 1 4 1
e 1 5 1
e 1 15 1
e 2 0 1
e 2 1 1
e 2 13 1
e 3 0 1
e 3 1 1
e 3 13 1
e 4 1 1
e 4 6 1
e 4 8 1
e 5 1 1
e 6 0 1
e 6 4 1
e 6 9 1
e 6 12 1
e 6 14 1
e 7 10 1
e 7 13 1
e 7 15 1
e 8 4 1
e 9 6 1
e 9 14 1
e 9 15 1
e 10 0 1
e 10 7 1
e 11 0 1
e 12 6 1
e 13 0 1
e 13 2 1
e 13 3 1
e 13 7 1
e 14 6 1
e 14 9 1
e 15 1 1
e 15 7 1
e 15 9 1
t # -1
