t # 0
16 48 16 1
v 0 1
v 1 7
v 2 5
v 3 2
v 4 13
v 5 15
v 6 3
v 7 8
v 8 4
v 9 2
v 10 1
v 11 12
v 12 2
v 13 11
v 14 11
v 15 15
e 0 1 1
e 0 2 1
e 0 4 1
e 1 0 1
e 1 3 1
e 1 5 1
e 1 6 1
e 1 7 1
e 1 8 1
e 1 10 1
e 1 12 1
e 1 13 1
e 1 15 1
e 2 0 1
e 2 14 1
e 3 1 1
e 3 9 1
e 3 11 1
e 4 0 1
e 4 14 1
e 5 1 1
e 5 6 1
e 6 1 1
e 6 5 1
e 7 1 1
e 7 8 1
e 7 12 1
e 8 1 1
e 8 7 1
e 8 10 1
e 8 12 1
e 8 15 1
e 9 3 1
e 9 11 1
e 10 1 1
e 10 8 1
e 11 3 1
e 11 9 1
e 12 1 1
e 12 7 1
e 12 8 1
e 12 15 1
e 13 1 1
e 14 2 1
e 14 4 1
e 15 1 1
e 15 8 1
e 15 12 1
t # -1
