t # 0
16 52 16 1
v 0 7
v 1 14
v 2 7
v 3 8
v 4 6
v 5 2
v 6 8
v 7 7
v 8 1
v 9 6
v 10 4
v 11 6
v 12 14
v 13 3
v 14 3
v 15 4
e 0 1 1
e 1 0 1
e 1 3 1
e 1 4 1
e 1 5 1
e 1 11 1
e 1 13 1
e 2 6 1
e 2 8 1
e 2 9 1
e 2 13 1
e 3 1 1
e 3 4 1
e 3 7 1
e 4 1 1
e 4 3 1
e 4 10 1
e 5 1 1
e 5 9 1
e 5 15 1
e 6 2 1
e 6 8 1
e 6 9 1
e 6 13 1
e 6 14 1
e 7 3 1
e 8 2 1
e 8 6 1
e 8 9 1
e 8 13 1
e 8 14 1
e 9 2 1
e 9 5 1
e 9 6 1
e 9 8 1
e 10 4 1
e 10 12 1
e 11 1 1
e 12 10 1
e 12 15 1
e 13 1 1
e 13 2 1
e 13 6 1
e 13 8 1
e 13 14 1
e 13 15 1
e 14 6 1
e 14 8 1
e 14 13 1
e 15 5 1
e 15 12 1
e 15 13 1
t # -1
