t # 0
16 56 16 1
v 0 14
v 1 6
v 2 4
v 3 3
v 4 2
v 5 8
v 6 3
v 7 2
v 8 2
v 9 5
v 10 1
v 11 2
v 12 11
v 13 8
v 14 13
v 15 3
e 0 1 1
e 1 0 1
e 1 2 1
e 1 3 1
e 1 8 1
e 1 14 1
e 2 1 1
e 2 3 1
e 2 4 1
e 2 5 1
e 2 7 1
e 2 8 1
e 2 9 1
e 2 14 1
e 3 1 1
e 3 2 1
e 3 4 1
e 3 7 1
e 3 8 1
e 4 2 1
e 4 3 1
e 4 7 1
e 5 2 1
e 5 6 1
e 5 7 1
e 6 5 1
e 6 7 1
e 6 11 1
e 7 2 1
e 7 3 1
e 7 4 1
e 7 5 1
e 7 6 1
e 7 8 1
e 7 9 1
e 8 1 1
e 8 2 1
e 8 3 1
e 8 7 1
e 8 9 1
e 9 2 1
e 9 7 1
e 9 8 1
e 9 11 1
e 9 13 1
e 10 15 1
e 11 6 1
e 11 9 1
e 11 15 1
e 12 13 1
e 13 9 1
e 13 12 1
e 14 1 1
e 14 2 1
e 15 10 1
e 15 11 1
t # -1
