t # 0
16 46 16 1
v 0 1
v 1 8
v 2 7
v 3 4
v 4 11
v 5 1
v 6 8
v 7 5
v 8 6
v 9 1
v 10 7
v 11 10
v 12 13
v 13 10
v 14 4
v 15 2
e 0 1 1
e 0 3 1
e 0 4 1
e 1 0 1
e 1 3 1
e 1 4 1
e 2 3 1
e 3 0 1
e 3 1 1
e 3 2 1
e 3 4 1
e 3 5 1
e 3 6 1
e 3 10 1
e 4 0 1
e 4 1 1
e 4 3 1
e 4 5 1
e 4 7 1
e 4 9 1
e 4 10 1
e 4 11 1
e 4 13 1
e 4 14 1
e 4 15 1
e 5 3 1
e 5 4 1
e 5 6 1
e 5 8 1
e 5 15 1
e 6 3 1
e 6 5 1
e 6 12 1
e 7 4 1
e 8 5 1
e 9 4 1
e 10 3 1
e 10 4 1
e 10 14 1
e 11 4 1
e 12 6 1
e 13 4 1
e 14 4 1
e 14 10 1
e 15 4 1
e 15 5 1
t # -1
