t # 0
16 56 16 1
v 0 15
v 1 1
v 2 15
v 3 15
v 4 5
v 5 3
v 6 14
v 7 9
v 8 4
v 9 7
v 10 5
v 11 1
v 12 8
v 13 3
v 14 3
v 15 11
e 0 1 1
e 0 4 1
e 0 6 1
e 1 0 1
e 1 2 1
e 1 6 1
e 1 9 1
e 2 1 1
e 2 3 1
e 2 4 1
e 2 5 1
e 2 6 1
e 2 9 1
e 2 13 1
e 3 2 1
e 3 4 1
e 3 7 1
e 3 8 1
e 4 0 1
e 4 2 1
e 4 3 1
e 4 6 1
e 4 7 1
e 4 9 1
e 5 2 1
e 5 6 1
e 5 7 1
e 5 9 1
e 5 12 1
e 5 15 1
e 6 0 1
e 6 1 1
e 6 2 1
e 6 4 1
e 6 5 1
e 6 15 1
e 7 3 1
e 7 4 1
e 7 5 1
e 8 3 1
e 8 10 1
e 9 1 1
e 9 2 1
e 9 4 1
e 9 5 1
e 9 11 1
e 9 15 1
e 10 8 1
e 11 9 1
e 12 5 1
e 12 14 1
e 13 2 1
e 14 12 1
e 15 5 1
e 15 6 1
e 15 9 1
t # -1
