t # 0
16 56 16 1
v 0 16
v 1 7
v 2 6
v 3 13
v 4 6
v 5 1
v 6 12
v 7 3
v 8 14
v 9 10
v 10 10
v 11 6
v 12 5
v 13 8
v 14 7
v 15 4
e 0 1 1
e 0 3 1
e 0 5 1
e 0 15 1
e 1 0 1
e 1 2 1
e 1 3 1
e 1 6 1
e 1 15 1
e 2 1 1
e 2 3 1
e 2 4 1
e 2 6 1
e 2 12 1
e 3 0 1
e 3 1 1
e 3 2 1
e 3 4 1
e 3 5 1
e 4 2 1
e 4 3 1
e 4 6 1
e 4 7 1
e 4 8 1
e 4 13 1
e 5 0 1
e 5 3 1
e 5 15 1
e 6 1 1
e 6 2 1
e 6 4 1
e 6 9 1
e 6 12 1
e 6 14 1
e 6 15 1
e 7 4 1
e 8 4 1
e 8 10 1
e 8 14 1
e 9 6 1
e 10 8 1
e 10 11 1
e 11 10 1
e 12 2 1
e 12 6 1
e 12 14 1
e 12 15 1
e 13 4 1
e 14 6 1
e 14 8 1
e 14 12 1
e 15 0 1
e 15 1 1
e 15 5 1
e 15 6 1
e 15 12 1
t # -1
