t # 0
16 54 16 1
v 0 10
v 1 4
v 2 2
v 3 4
v 4 10
v 5 1
v 6 3
v 7 1
v 8 2
v 9 14
v 10 12
v 11 2
v 12 11
v 13 6
v 14 11
v 15 12
e 0 1 1
e 0 2 1
e 0 3 1
e 0 9 1
e 0 10 1
e 1 0 1
e 1 4 1
e 1 9 1
e 1 10 1
e 2 0 1
e 2 4 1
e 2 8 1
e 2 10 1
e 2 13 1
e 2 14 1
e 3 0 1
e 3 4 1
e 3 6 1
e 3 7 1
e 4 1 1
e 4 2 1
e 4 3 1
e 4 5 1
e 4 9 1
e 4 10 1
e 4 11 1
e 5 4 1
e 5 11 1
e 6 3 1
e 6 7 1
e 7 3 1
e 7 6 1
e 8 2 1
e 9 0 1
e 9 1 1
e 9 4 1
e 9 10 1
e 9 12 1
e 10 0 1
e 10 1 1
e 10 2 1
e 10 4 1
e 10 9 1
e 11 4 1
e 11 5 1
e 11 12 1
e 11 14 1
e 11 15 1
e 12 9 1
e 12 11 1
e 13 2 1
e 14 2 1
e 14 11 1
e 15 11 1
t # -1
