t # 0
16 62 16 1
v 0 3
v 1 4
v 2 14
v 3 8
v 4 5
v 5 13
v 6 3
v 7 6
v 8 11
v 9 12
v 10 1
v 11 6
v 12 10
v 13 8
v 14 12
v 15 2
e 0 4 1
e 1 2 1
e 1 4 1
e 1 8 1
e 1 10 1
e 1 11 1
e 1 13 1
e 2 1 1
e 2 3 1
e 2 4 1
e 2 5 1
e 2 7 1
e 2 8 1
e 2 9 1
e 3 2 1
e 3 4 1
e 3 9 1
e 3 14 1
e 4 0 1
e 4 1 1
e 4 2 1
e 4 3 1
e 4 5 1
e 4 7 1
e 4 10 1
e 4 11 1
e 5 2 1
e 5 4 1
e 5 7 1
e 5 8 1
e 6 9 1
e 6 12 1
e 6 13 1
e 7 2 1
e 7 4 1
e 7 5 1
e 7 11 1
e 7 12 1
e 8 1 1
e 8 2 1
e 8 5 1
e 8 9 1
e 8 11 1
e 9 2 1
e 9 3 1
e 9 6 1
e 9 8 1
e 10 1 1
e 10 4 1
e 11 1 1
e 11 4 1
e 11 7 1
e 11 8 1
e 11 13 1
e 12 6 1
e 12 7 1
e 13 1 1
e 13 6 1
e 13 11 1
e 14 3 1
e 14 15 1
e 15 14 1
t # -1
