t # 0
16 56 16 1
v 0 9
v 1 1
v 2 5
v 3 6
v 4 11
v 5 9
v 6 7
v 7 11
v 8 5
v 9 1
v 10 6
v 11 6
v 12 13
v 13 16
v 14 1
v 15 13
e 0 1 1
e 0 2 1
e 1 0 1
e 2 0 1
e 2 3 1
e 2 8 1
e 3 2 1
e 3 4 1
e 3 7 1
e 3 8 1
e 4 3 1
e 4 5 1
e 4 9 1
e 4 10 1
e 4 11 1
e 4 12 1
e 5 4 1
e 5 6 1
e 5 8 1
e 5 9 1
e 5 11 1
e 6 5 1
e 6 8 1
e 6 9 1
e 6 10 1
e 7 3 1
e 7 8 1
e 7 10 1
e 7 14 1
e 8 2 1
e 8 3 1
e 8 5 1
e 8 6 1
e 8 7 1
e 8 10 1
e 8 11 1
e 8 13 1
e 8 15 1
e 9 4 1
e 9 5 1
e 9 6 1
e 9 10 1
e 10 4 1
e 10 6 1
e 10 7 1
e 10 8 1
e 10 9 1
e 11 4 1
e 11 5 1
e 11 8 1
e 11 13 1
e 12 4 1
e 13 8 1
e 13 11 1
e 14 7 1
e 15 8 1
t # -1
