t # 0
16 54 16 1
v 0 10
v 1 7
v 2 1
v 3 2
v 4 5
v 5 5
v 6 12
v 7 1
v 8 6
v 9 14
v 10 8
v 11 7
v 12 13
v 13 13
v 14 16
v 15 4
e 0 2 1
e 0 4 1
e 1 3 1
e 1 8 1
e 1 12 1
e 1 13 1
e 1 15 1
e 2 0 1
e 2 9 1
e 2 12 1
e 3 1 1
e 3 7 1
e 3 8 1
e 3 12 1
e 4 0 1
e 5 7 1
e 5 9 1
e 5 10 1
e 5 13 1
e 5 15 1
e 6 10 1
e 7 3 1
e 7 5 1
e 8 1 1
e 8 3 1
e 8 11 1
e 8 12 1
e 9 2 1
e 9 5 1
e 9 12 1
e 9 13 1
e 10 5 1
e 10 6 1
e 10 12 1
e 11 8 1
e 11 15 1
e 12 1 1
e 12 2 1
e 12 3 1
e 12 8 1
e 12 9 1
e 12 10 1
e 12 14 1
e 13 1 1
e 13 5 1
e 13 9 1
e 13 14 1
e 13 15 1
e 14 12 1
e 14 13 1
e 15 1 1
e 15 5 1
e 15 11 1
e 15 13 1
t # -1
