t # 0
16 56 16 1
v 0 13
v 1 2
v 2 8
v 3 1
v 4 15
v 5 3
v 6 9
v 7 6
v 8 8
v 9 1
v 10 11
v 11 5
v 12 13
v 13 3
v 14 2
v 15 6
e 0 1 1
e 0 5 1
e 0 12 1
e 1 0 1
e 1 2 1
e 1 5 1
e 1 8 1
e 1 12 1
e 1 14 1
e 2 1 1
e 2 8 1
e 2 10 1
e 2 14 1
e 3 14 1
e 4 5 1
e 4 6 1
e 4 7 1
e 4 9 1
e 4 11 1
e 4 14 1
e 4 15 1
e 5 0 1
e 5 1 1
e 5 4 1
e 5 7 1
e 5 10 1
e 5 12 1
e 6 4 1
e 7 4 1
e 7 5 1
e 7 10 1
e 8 1 1
e 8 2 1
e 8 14 1
e 9 4 1
e 9 14 1
e 10 2 1
e 10 5 1
e 10 7 1
e 11 4 1
e 11 12 1
e 12 0 1
e 12 1 1
e 12 5 1
e 12 11 1
e 12 14 1
e 13 14 1
e 14 1 1
e 14 2 1
e 14 3 1
e 14 4 1
e 14 8 1
e 14 9 1
e 14 12 1
e 14 13 1
e 15 4 1
t # -1
