t # 0
16 62 16 1
v 0 14
v 1 15
v 2 1
v 3 9
v 4 1
v 5 8
v 6 7
v 7 6
v 8 3
v 9 11
v 10 3
v 11 2
v 12 7
v 13 7
v 14 10
v 15 4
e 0 1 1
e 0 2 1
e 0 3 1
e 0 11 1
e 1 0 1
e 1 4 1
e 1 11 1
e 1 14 1
e 1 15 1
e 2 0 1
e 2 4 1
e 2 9 1
e 2 15 1
e 3 0 1
e 3 4 1
e 3 11 1
e 3 15 1
e 4 1 1
e 4 2 1
e 4 3 1
e 4 5 1
e 4 6 1
e 4 9 1
e 4 11 1
e 4 13 1
e 4 14 1
e 5 4 1
e 5 8 1
e 5 9 1
e 6 4 1
e 6 10 1
e 7 9 1
e 7 15 1
e 8 5 1
e 9 2 1
e 9 4 1
e 9 5 1
e 9 7 1
e 9 11 1
e 9 14 1
e 10 6 1
e 11 0 1
e 11 1 1
e 11 3 1
e 11 4 1
e 11 9 1
e 11 14 1
e 11 15 1
e 12 15 1
e 13 4 1
e 14 1 1
e 14 4 1
e 14 9 1
e 14 11 1
e 14 15 1
e 15 1 1
e 15 2 1
e 15 3 1
e 15 7 1
e 15 11 1
e 15 12 1
e 15 14 1
t # -1
