t # 0
16 62 16 1
v 0 1
v 1 5
v 2 8
v 3 5
v 4 1
v 5 10
v 6 1
v 7 4
v 8 2
v 9 11
v 10 6
v 11 13
v 12 3
v 13 1
v 14 7
v 15 3
e 0 1 1
e 0 2 1
e 0 3 1
e 0 10 1
e 1 0 1
e 1 5 1
e 1 8 1
e 1 10 1
e 1 12 1
e 1 13 1
e 2 0 1
e 2 3 1
e 2 5 1
e 2 6 1
e 2 9 1
e 2 10 1
e 3 0 1
e 3 2 1
e 3 8 1
e 3 10 1
e 3 13 1
e 4 12 1
e 5 1 1
e 5 2 1
e 5 6 1
e 6 2 1
e 6 5 1
e 6 8 1
e 6 10 1
e 7 8 1
e 8 1 1
e 8 3 1
e 8 6 1
e 8 7 1
e 8 10 1
e 8 15 1
e 9 2 1
e 9 11 1
e 9 13 1
e 9 14 1
e 9 15 1
e 10 0 1
e 10 1 1
e 10 2 1
e 10 3 1
e 10 6 1
e 10 8 1
e 11 9 1
e 11 13 1
e 12 1 1
e 12 4 1
e 12 13 1
e 12 15 1
e 13 1 1
e 13 3 1
e 13 9 1
e 13 11 1
e 13 12 1
e 14 9 1
e 15 8 1
e 15 9 1
e 15 12 1
t # -1
