t # 0
16 52 16 1
v 0 8
v 1 1
v 2 13
v 3 6
v 4 4
v 5 1
v 6 4
v 7 1
v 8 2
v 9 12
v 10 3
v 11 3
v 12 13
v 13 12
v 14 13
v 15 6
e 0 1 1
e 0 3 1
e 1 0 1
e 1 2 1
e 1 3 1
e 1 4 1
e 1 15 1
e 2 1 1
e 2 3 1
e 2 4 1
e 2 8 1
e 2 11 1
e 3 0 1
e 3 1 1
e 3 2 1
e 3 14 1
e 4 1 1
e 4 2 1
e 4 6 1
e 4 11 1
e 5 10 1
e 6 4 1
e 6 7 1
e 6 8 1
e 6 11 1
e 6 15 1
e 7 6 1
e 8 2 1
e 8 6 1
e 8 12 1
e 8 13 1
e 9 10 1
e 10 5 1
e 10 9 1
e 10 11 1
e 10 12 1
e 10 14 1
e 10 15 1
e 11 2 1
e 11 4 1
e 11 6 1
e 11 10 1
e 12 8 1
e 12 10 1
e 13 8 1
e 14 3 1
e 14 10 1
e 14 15 1
e 15 1 1
e 15 6 1
e 15 10 1
e 15 14 1
t # -1
