t # 0
16 54 16 1
v 0 1
v 1 15
v 2 9
v 3 2
v 4 15
v 5 8
v 6 7
v 7 3
v 8 5
v 9 6
v 10 5
v 11 13
v 12 11
v 13 5
v 14 1
v 15 12
e 0 1 1
e 0 4 1
e 0 5 1
e 1 0 1
e 1 5 1
e 1 7 1
e 1 10 1
e 1 12 1
e 1 15 1
e 2 6 1
e 3 8 1
e 4 0 1
e 4 6 1
e 4 15 1
e 5 0 1
e 5 1 1
e 5 6 1
e 5 8 1
e 5 12 1
e 5 13 1
e 5 15 1
e 6 2 1
e 6 4 1
e 6 5 1
e 7 1 1
e 7 10 1
e 7 15 1
e 8 3 1
e 8 5 1
e 8 9 1
e 8 10 1
e 9 8 1
e 10 1 1
e 10 7 1
e 10 8 1
e 10 11 1
e 10 14 1
e 10 15 1
e 11 10 1
e 11 13 1
e 12 1 1
e 12 5 1
e 12 15 1
e 13 5 1
e 13 11 1
e 14 10 1
e 14 15 1
e 15 1 1
e 15 4 1
e 15 5 1
e 15 7 1
e 15 10 1
e 15 12 1
e 15 14 1
t # -1
