t # 0
16 46 16 1
v 0 5
v 1 12
v 2 13
v 3 2
v 4 15
v 5 4
v 6 13
v 7 1
v 8 1
v 9 1
v 10 15
v 11 16
v 12 12
v 13 5
v 14 1
v 15 6
e 0 2 1
e 0 7 1
e 1 2 1
e 2 0 1
e 2 1 1
e 2 3 1
e 2 4 1
e 2 5 1
e 2 6 1
e 2 7 1
e 2 12 1
e 2 13 1
e 2 15 1
e 3 2 1
e 3 4 1
e 3 15 1
e 4 2 1
e 4 3 1
e 5 2 1
e 5 8 1
e 5 9 1
e 5 13 1
e 5 15 1
e 6 2 1
e 6 15 1
e 7 0 1
e 7 2 1
e 7 10 1
e 7 12 1
e 7 14 1
e 8 5 1
e 8 11 1
e 9 5 1
e 10 7 1
e 10 14 1
e 11 8 1
e 12 2 1
e 12 7 1
e 13 2 1
e 13 5 1
e 14 7 1
e 14 10 1
e 15 2 1
e 15 3 1
e 15 5 1
e 15 6 1
t # -1
