t # 0
16 46 16 1
v 0 11
v 1 15
v 2 11
v 3 6
v 4 5
v 5 11
v 6 7
v 7 15
v 8 1
v 9 16
v 10 15
v 11 1
v 12 9
v 13 6
v 14 5
v 15 5
e 0 12 1
e 1 2 1
e 1 12 1
e 1 14 1
e 2 1 1
e 2 3 1
e 2 5 1
e 2 9 1
e 3 2 1
e 3 4 1
e 3 13 1
e 4 3 1
e 5 2 1
e 5 12 1
e 6 15 1
e 7 11 1
e 7 15 1
e 8 9 1
e 9 2 1
e 9 8 1
e 9 10 1
e 9 11 1
e 9 12 1
e 9 15 1
e 10 9 1
e 11 7 1
e 11 9 1
e 11 12 1
e 11 13 1
e 12 0 1
e 12 1 1
e 12 5 1
e 12 9 1
e 12 11 1
e 12 13 1
e 12 15 1
e 13 3 1
e 13 11 1
e 13 12 1
e 14 1 1
e 14 15 1
e 15 6 1
e 15 7 1
e 15 9 1
e 15 12 1
e 15 14 1
t # -1
