t # 0
16 60 16 1
v 0 6
v 1 3
v 2 10
v 3 3
v 4 5
v 5 6
v 6 10
v 7 8
v 8 2
v 9 7
v 10 5
v 11 2
v 12 7
v 13 12
v 14 1
v 15 2
e 0 4 1
e 0 5 1
e 0 6 1
e 0 7 1
e 0 12 1
e 1 2 1
e 1 4 1
e 1 6 1
e 2 1 1
e 2 3 1
e 2 4 1
e 3 2 1
e 3 4 1
e 3 11 1
e 3 12 1
e 4 0 1
e 4 1 1
e 4 2 1
e 4 3 1
e 4 6 1
e 4 10 1
e 4 11 1
e 4 12 1
e 4 14 1
e 5 0 1
e 5 8 1
e 5 10 1
e 5 11 1
e 5 12 1
e 6 0 1
e 6 1 1
e 6 4 1
e 6 10 1
e 6 12 1
e 7 0 1
e 8 5 1
e 8 9 1
e 8 14 1
e 9 8 1
e 10 4 1
e 10 5 1
e 10 6 1
e 10 13 1
e 10 14 1
e 11 3 1
e 11 4 1
e 11 5 1
e 11 12 1
e 12 0 1
e 12 3 1
e 12 4 1
e 12 5 1
e 12 6 1
e 12 11 1
e 13 10 1
e 13 15 1
e 14 4 1
e 14 8 1
e 14 10 1
e 15 13 1
t # -1
