t # 0
16 54 16 1
v 0 1
v 1 12
v 2 11
v 3 1
v 4 5
v 5 6
v 6 12
v 7 1
v 8 3
v 9 2
v 10 2
v 11 9
v 12 4
v 13 9
v 14 14
v 15 12
e 0 1 1
e 0 4 1
e 0 7 1
e 0 11 1
e 1 0 1
e 1 3 1
e 1 6 1
e 1 10 1
e 2 7 1
e 2 10 1
e 2 12 1
e 3 1 1
e 3 10 1
e 3 15 1
e 4 0 1
e 4 6 1
e 4 10 1
e 4 11 1
e 4 14 1
e 5 7 1
e 6 1 1
e 6 4 1
e 6 10 1
e 7 0 1
e 7 2 1
e 7 5 1
e 7 8 1
e 7 12 1
e 7 15 1
e 8 7 1
e 8 9 1
e 8 10 1
e 9 8 1
e 10 1 1
e 10 2 1
e 10 3 1
e 10 4 1
e 10 6 1
e 10 8 1
e 10 12 1
e 10 13 1
e 10 15 1
e 11 0 1
e 11 4 1
e 11 15 1
e 12 2 1
e 12 7 1
e 12 10 1
e 13 10 1
e 14 4 1
e 15 3 1
e 15 7 1
e 15 10 1
e 15 11 1
t # -1
