t # 0
16 62 16 1
v 0 11
v 1 1
v 2 13
v 3 4
v 4 8
v 5 5
v 6 9
v 7 2
v 8 3
v 9 2
v 10 15
v 11 7
v 12 16
v 13 7
v 14 11
v 15 13
e 0 1 1
e 0 2 1
e 0 3 1
e 0 4 1
e 1 0 1
e 1 3 1
e 1 4 1
e 2 0 1
e 2 3 1
e 2 4 1
e 3 0 1
e 3 1 1
e 3 2 1
e 3 4 1
e 3 5 1
e 3 6 1
e 3 9 1
e 3 11 1
e 3 12 1
e 3 14 1
e 4 0 1
e 4 1 1
e 4 2 1
e 4 3 1
e 4 5 1
e 4 8 1
e 4 11 1
e 4 12 1
e 5 3 1
e 5 4 1
e 5 7 1
e 5 9 1
e 5 15 1
e 6 3 1
e 6 7 1
e 6 9 1
e 7 5 1
e 7 6 1
e 7 9 1
e 7 10 1
e 7 12 1
e 7 14 1
e 8 4 1
e 8 12 1
e 8 13 1
e 9 3 1
e 9 5 1
e 9 6 1
e 9 7 1
e 9 14 1
e 10 7 1
e 11 3 1
e 11 4 1
e 12 3 1
e 12 4 1
e 12 7 1
e 12 8 1
e 13 8 1
e 14 3 1
e 14 7 1
e 14 9 1
e 15 5 1
t # -1
