t # 0
14 46 16 1
v 0 4
v 1 9
v 2 8
v 3 14
v 4 3
v 5 12
v 6 8
v 7 11
v 8 8
v 9 13
v 10 6
v 11 3
v 12 4
v 13 4
e 0 2 1
e 0 12 1
e 1 3 1
e 1 5 1
e 1 6 1
e 1 10 1
e 1 12 1
e 2 0 1
e 2 5 1
e 2 13 1
e 3 1 1
e 3 4 1
e 3 7 1
e 3 9 1
e 4 3 1
e 4 5 1
e 4 10 1
e 4 12 1
e 4 13 1
e 5 1 1
e 5 2 1
e 5 4 1
e 5 10 1
e 6 1 1
e 6 11 1
e 7 3 1
e 7 10 1
e 8 12 1
e 9 3 1
e 9 12 1
e 9 13 1
e 10 1 1
e 10 4 1
e 10 5 1
e 10 7 1
e 10 13 1
e 11 6 1
e 12 0 1
e 12 1 1
e 12 4 1
e 12 8 1
e 12 9 1
e 13 2 1
e 13 4 1
e 13 9 1
e 13 10 1
t # -1
