t # 0
14 48 16 1
v 0 10
v 1 11
v 2 12
v 3 5
v 4 11
v 5 6
v 6 4
v 7 7
v 8 4
v 9 4
v 10 6
v 11 12
v 12 2
v 13 8
e 0 3 1
e 1 2 1
e 1 3 1
e 1 4 1
e 1 6 1
e 1 7 1
e 1 9 1
e 2 1 1
e 2 11 1
e 3 0 1
e 3 1 1
e 3 5 1
e 3 6 1
e 3 10 1
e 4 1 1
e 4 5 1
e 4 6 1
e 4 11 1
e 5 3 1
e 5 4 1
e 5 11 1
e 6 1 1
e 6 3 1
e 6 4 1
e 6 9 1
e 6 10 1
e 6 11 1
e 6 13 1
e 7 1 1
e 8 11 1
e 9 1 1
e 9 6 1
e 9 10 1
e 9 11 1
e 9 12 1
e 10 3 1
e 10 6 1
e 10 9 1
e 10 11 1
e 11 2 1
e 11 4 1
e 11 5 1
e 11 6 1
e 11 8 1
e 11 9 1
e 11 10 1
e 12 9 1
e 13 6 1
t # -1
