t # 0
14 54 16 1
v 0 4
v 1 4
v 2 1
v 3 1
v 4 11
v 5 12
v 6 8
v 7 2
v 8 12
v 9 3
v 10 12
v 11 15
v 12 14
v 13 16
e 0 1 1
e 0 2 1
e 0 3 1
e 0 7 1
e 1 0 1
e 1 2 1
e 1 3 1
e 1 7 1
e 1 11 1
e 2 0 1
e 2 1 1
e 2 3 1
e 2 6 1
e 2 7 1
e 3 0 1
e 3 1 1
e 3 2 1
e 3 4 1
e 3 7 1
e 3 8 1
e 3 9 1
e 3 10 1
e 3 13 1
e 4 3 1
e 4 9 1
e 4 10 1
e 4 12 1
e 4 13 1
e 5 8 1
e 5 9 1
e 5 10 1
e 6 2 1
e 7 0 1
e 7 1 1
e 7 2 1
e 7 3 1
e 7 8 1
e 8 3 1
e 8 5 1
e 8 7 1
e 8 9 1
e 9 3 1
e 9 4 1
e 9 5 1
e 9 8 1
e 9 10 1
e 10 3 1
e 10 4 1
e 10 5 1
e 10 9 1
e 11 1 1
e 12 4 1
e 13 3 1
e 13 4 1
t # -1
