t # 0
14 48 16 1
v 0 15
v 1 1
v 2 5
v 3 2
v 4 2
v 5 4
v 6 14
v 7 6
v 8 3
v 9 3
v 10 5
v 11 14
v 12 7
v 13 6
e 0 4 1
e 0 5 1
e 1 2 1
e 1 3 1
e 1 4 1
e 1 8 1
e 2 1 1
e 2 5 1
e 2 6 1
e 2 7 1
e 2 10 1
e 2 12 1
e 3 1 1
e 4 0 1
e 4 1 1
e 4 5 1
e 4 8 1
e 4 11 1
e 4 13 1
e 5 0 1
e 5 2 1
e 5 4 1
e 5 7 1
e 5 10 1
e 5 11 1
e 5 12 1
e 5 13 1
e 6 2 1
e 7 2 1
e 7 5 1
e 7 10 1
e 8 1 1
e 8 4 1
e 8 11 1
e 8 13 1
e 9 13 1
e 10 2 1
e 10 5 1
e 10 7 1
e 11 4 1
e 11 5 1
e 11 8 1
e 12 2 1
e 12 5 1
e 13 4 1
e 13 5 1
e 13 8 1
e 13 9 1
t # -1
