t # 0
14 52 16 1
v 0 1
v 1 7
v 2 2
v 3 10
v 4 5
v 5 12
v 6 11
v 7 4
v 8 7
v 9 5
v 10 14
v 11 3
v 12 11
v 13 5
e 0 1 1
e 0 2 1
e 0 5 1
e 1 0 1
e 1 5 1
e 2 0 1
e 2 3 1
e 2 5 1
e 2 13 1
e 3 2 1
e 3 7 1
e 3 12 1
e 4 5 1
e 5 0 1
e 5 1 1
e 5 2 1
e 5 4 1
e 5 6 1
e 5 7 1
e 5 9 1
e 5 11 1
e 5 13 1
e 6 5 1
e 6 7 1
e 6 12 1
e 6 13 1
e 7 3 1
e 7 5 1
e 7 6 1
e 7 8 1
e 7 9 1
e 7 11 1
e 8 7 1
e 8 9 1
e 9 5 1
e 9 7 1
e 9 8 1
e 9 11 1
e 9 13 1
e 10 11 1
e 11 5 1
e 11 7 1
e 11 9 1
e 11 10 1
e 11 13 1
e 12 3 1
e 12 6 1
e 13 2 1
e 13 5 1
e 13 6 1
e 13 9 1
e 13 11 1
t # -1
