t # 0
14 46 16 1
v 0 10
v 1 7
v 2 7
v 3 6
v 4 16
v 5 1
v 6 2
v 7 2
v 8 5
v 9 4
v 10 12
v 11 1
v 12 15
v 13 1
e 0 1 1
e 0 2 1
e 0 7 1
e 1 0 1
e 1 3 1
e 1 9 1
e 1 12 1
e 2 0 1
e 2 7 1
e 3 1 1
e 3 4 1
e 3 6 1
e 3 8 1
e 3 10 1
e 3 11 1
e 4 3 1
e 4 5 1
e 4 6 1
e 5 4 1
e 5 13 1
e 6 3 1
e 6 4 1
e 6 10 1
e 6 11 1
e 7 0 1
e 7 2 1
e 7 13 1
e 8 3 1
e 8 10 1
e 8 11 1
e 9 1 1
e 9 10 1
e 9 11 1
e 10 3 1
e 10 6 1
e 10 8 1
e 10 9 1
e 10 11 1
e 11 3 1
e 11 6 1
e 11 8 1
e 11 9 1
e 11 10 1
e 12 1 1
e 13 5 1
e 13 7 1
t # -1
