t # 0
14 46 16 1
v 0 16
v 1 1
v 2 16
v 3 4
v 4 1
v 5 2
v 6 11
v 7 1
v 8 8
v 9 4
v 10 4
v 11 6
v 12 4
v 13 1
e 0 1 1
e 0 2 1
e 0 3 1
e 0 4 1
e 0 8 1
e 0 12 1
e 0 13 1
e 1 0 1
e 1 10 1
e 2 0 1
e 2 4 1
e 2 5 1
e 2 7 1
e 2 8 1
e 2 11 1
e 2 12 1
e 3 0 1
e 3 6 1
e 4 0 1
e 4 2 1
e 4 12 1
e 5 2 1
e 5 12 1
e 6 3 1
e 7 2 1
e 7 13 1
e 8 0 1
e 8 2 1
e 8 9 1
e 8 12 1
e 8 13 1
e 9 8 1
e 9 12 1
e 10 1 1
e 11 2 1
e 12 0 1
e 12 2 1
e 12 4 1
e 12 5 1
e 12 8 1
e 12 9 1
e 12 13 1
e 13 0 1
e 13 7 1
e 13 8 1
e 13 12 1
t # -1
