t # 0
14 50 16 1
v 0 9
v 1 14
v 2 6
v 3 16
v 4 2
v 5 8
v 6 9
v 7 2
v 8 11
v 9 2
v 10 1
v 11 6
v 12 1
v 13 2
e 0 1 1
e 0 3 1
e 0 8 1
e 0 11 1
e 1 0 1
e 1 8 1
e 2 4 1
e 2 6 1
e 2 11 1
e 2 12 1
e 3 0 1
e 3 5 1
e 3 10 1
e 4 2 1
e 4 5 1
e 4 8 1
e 4 11 1
e 4 12 1
e 5 3 1
e 5 4 1
e 5 10 1
e 5 11 1
e 6 2 1
e 6 7 1
e 6 8 1
e 6 11 1
e 7 6 1
e 8 0 1
e 8 1 1
e 8 4 1
e 8 6 1
e 8 11 1
e 8 12 1
e 9 10 1
e 10 3 1
e 10 5 1
e 10 9 1
e 10 12 1
e 10 13 1
e 11 0 1
e 11 2 1
e 11 4 1
e 11 5 1
e 11 6 1
e 11 8 1
e 12 2 1
e 12 4 1
e 12 8 1
e 12 10 1
e 13 10 1
t # -1
