t # 0
14 46 16 1
v 0 2
v 1 12
v 2 1
v 3 1
v 4 5
v 5 6
v 6 1
v 7 3
v 8 3
v 9 3
v 10 2
v 11 6
v 12 2
v 13 12
e 0 1 1
e 0 3 1
e 0 5 1
e 0 7 1
e 0 8 1
e 0 11 1
e 1 0 1
e 1 5 1
e 1 6 1
e 1 12 1
e 1 13 1
e 2 7 1
e 3 0 1
e 3 7 1
e 3 10 1
e 4 9 1
e 4 10 1
e 5 0 1
e 5 1 1
e 6 1 1
e 6 7 1
e 6 12 1
e 7 0 1
e 7 2 1
e 7 3 1
e 7 6 1
e 7 8 1
e 7 9 1
e 7 11 1
e 7 12 1
e 8 0 1
e 8 7 1
e 8 13 1
e 9 4 1
e 9 7 1
e 10 3 1
e 10 4 1
e 10 12 1
e 11 0 1
e 11 7 1
e 12 1 1
e 12 6 1
e 12 7 1
e 12 10 1
e 13 1 1
e 13 8 1
t # -1
