t # 0
14 50 16 1
v 0 2
v 1 15
v 2 2
v 3 3
v 4 14
v 5 12
v 6 3
v 7 15
v 8 5
v 9 3
v 10 2
v 11 2
v 12 11
v 13 6
e 0 1 1
e 0 6 1
e 1 0 1
e 1 2 1
e 1 6 1
e 2 1 1
e 2 3 1
e 2 6 1
e 2 9 1
e 3 2 1
e 3 4 1
e 3 6 1
e 3 8 1
e 3 10 1
e 3 11 1
e 4 3 1
e 4 6 1
e 4 8 1
e 4 10 1
e 5 7 1
e 6 0 1
e 6 1 1
e 6 2 1
e 6 3 1
e 6 4 1
e 6 8 1
e 6 12 1
e 7 5 1
e 7 9 1
e 8 3 1
e 8 4 1
e 8 6 1
e 8 11 1
e 9 2 1
e 9 7 1
e 9 12 1
e 9 13 1
e 10 3 1
e 10 4 1
e 10 11 1
e 10 12 1
e 11 3 1
e 11 8 1
e 11 10 1
e 11 12 1
e 12 6 1
e 12 9 1
e 12 10 1
e 12 11 1
e 13 9 1
t # -1
