t # 0
14 54 16 1
v 0 13
v 1 3
v 2 4
v 3 1
v 4 4
v 5 16
v 6 14
v 7 9
v 8 11
v 9 14
v 10 3
v 11 5
v 12 9
v 13 8
e 0 1 1
e 0 3 1
e 0 5 1
e 1 0 1
e 1 2 1
e 1 3 1
e 1 5 1
e 1 12 1
e 2 1 1
e 2 3 1
e 2 4 1
e 2 7 1
e 2 8 1
e 2 9 1
e 3 0 1
e 3 1 1
e 3 2 1
e 3 4 1
e 3 5 1
e 3 7 1
e 4 2 1
e 4 3 1
e 4 7 1
e 4 8 1
e 4 9 1
e 5 0 1
e 5 1 1
e 5 3 1
e 5 6 1
e 5 8 1
e 6 5 1
e 6 8 1
e 6 10 1
e 7 2 1
e 7 3 1
e 7 4 1
e 7 13 1
e 8 2 1
e 8 4 1
e 8 5 1
e 8 6 1
e 8 9 1
e 8 11 1
e 9 2 1
e 9 4 1
e 9 8 1
e 9 11 1
e 10 6 1
e 10 12 1
e 11 8 1
e 11 9 1
e 12 1 1
e 12 10 1
e 13 7 1
t # -1
