t # 0
14 48 16 1
v 0 11
v 1 1
v 2 1
v 3 10
v 4 8
v 5 2
v 6 3
v 7 13
v 8 2
v 9 13
v 10 8
v 11 12
v 12 5
v 13 4
e 0 2 1
e 0 3 1
e 0 6 1
e 0 7 1
e 0 9 1
e 1 2 1
e 1 3 1
e 1 5 1
e 1 10 1
e 1 12 1
e 2 0 1
e 2 1 1
e 2 3 1
e 2 5 1
e 2 7 1
e 3 0 1
e 3 1 1
e 3 2 1
e 3 5 1
e 3 7 1
e 3 8 1
e 3 9 1
e 3 11 1
e 4 10 1
e 5 1 1
e 5 2 1
e 5 3 1
e 5 6 1
e 6 0 1
e 6 5 1
e 6 7 1
e 6 9 1
e 7 0 1
e 7 2 1
e 7 3 1
e 7 6 1
e 8 3 1
e 9 0 1
e 9 3 1
e 9 6 1
e 10 1 1
e 10 4 1
e 10 12 1
e 11 3 1
e 11 13 1
e 12 1 1
e 12 10 1
e 13 11 1
t # -1
