t # 0
14 46 16 1
v 0 16
v 1 10
v 2 15
v 3 13
v 4 9
v 5 4
v 6 7
v 7 9
v 8 8
v 9 14
v 10 2
v 11 1
v 12 9
v 13 9
e 0 1 1
e 0 7 1
e 0 10 1
e 0 11 1
e 0 12 1
e 1 0 1
e 1 3 1
e 1 9 1
e 2 3 1
e 3 1 1
e 3 2 1
e 3 5 1
e 3 8 1
e 3 9 1
e 3 10 1
e 3 12 1
e 4 10 1
e 5 3 1
e 5 10 1
e 6 8 1
e 7 0 1
e 8 3 1
e 8 6 1
e 8 9 1
e 8 10 1
e 8 11 1
e 8 13 1
e 9 1 1
e 9 3 1
e 9 8 1
e 9 10 1
e 9 11 1
e 9 12 1
e 10 0 1
e 10 3 1
e 10 4 1
e 10 5 1
e 10 8 1
e 10 9 1
e 11 0 1
e 11 8 1
e 11 9 1
e 12 0 1
e 12 3 1
e 12 9 1
e 13 8 1
t # -1
