t # 0
14 52 16 1
v 0 16
v 1 6
v 2 1
v 3 6
v 4 8
v 5 8
v 6 1
v 7 5
v 8 1
v 9 11
v 10 15
v 11 2
v 12 15
v 13 6
e 0 1 1
e 1 0 1
e 1 2 1
e 1 3 1
e 1 4 1
e 1 5 1
e 1 11 1
e 2 1 1
e 2 6 1
e 2 7 1
e 2 10 1
e 3 1 1
e 3 4 1
e 3 5 1
e 3 7 1
e 4 1 1
e 4 3 1
e 4 5 1
e 4 6 1
e 4 9 1
e 4 11 1
e 4 12 1
e 5 1 1
e 5 3 1
e 5 4 1
e 5 11 1
e 6 2 1
e 6 4 1
e 6 9 1
e 7 2 1
e 7 3 1
e 7 8 1
e 7 9 1
e 7 13 1
e 8 7 1
e 8 9 1
e 8 13 1
e 9 4 1
e 9 6 1
e 9 7 1
e 9 8 1
e 9 13 1
e 10 2 1
e 11 1 1
e 11 4 1
e 11 5 1
e 11 12 1
e 12 4 1
e 12 11 1
e 13 7 1
e 13 8 1
e 13 9 1
t # -1
