t # 0
14 54 16 1
v 0 3
v 1 8
v 2 3
v 3 2
v 4 13
v 5 2
v 6 1
v 7 5
v 8 1
v 9 13
v 10 2
v 11 15
v 12 2
v 13 1
e 0 1 1
e 0 2 1
e 0 10 1
e 1 0 1
e 1 5 1
e 1 10 1
e 1 12 1
e 2 0 1
e 2 6 1
e 2 7 1
e 2 11 1
e 2 12 1
e 3 4 1
e 3 5 1
e 3 7 1
e 3 10 1
e 3 12 1
e 4 3 1
e 4 7 1
e 4 11 1
e 4 12 1
e 5 1 1
e 5 3 1
e 5 7 1
e 5 9 1
e 5 10 1
e 6 2 1
e 7 2 1
e 7 3 1
e 7 4 1
e 7 5 1
e 7 8 1
e 7 9 1
e 7 11 1
e 7 12 1
e 8 7 1
e 9 5 1
e 9 7 1
e 9 13 1
e 10 0 1
e 10 1 1
e 10 3 1
e 10 5 1
e 10 11 1
e 11 2 1
e 11 4 1
e 11 7 1
e 11 10 1
e 12 1 1
e 12 2 1
e 12 3 1
e 12 4 1
e 12 7 1
e 13 9 1
t # -1
