t # 0
14 52 16 1
v 0 8
v 1 14
v 2 1
v 3 2
v 4 10
v 5 14
v 6 1
v 7 2
v 8 11
v 9 13
v 10 3
v 11 3
v 12 5
v 13 13
e 0 3 1
e 0 7 1
e 0 8 1
e 0 11 1
e 1 4 1
e 1 5 1
e 1 6 1
e 1 9 1
e 1 10 1
e 2 4 1
e 2 6 1
e 2 11 1
e 2 13 1
e 3 0 1
e 3 8 1
e 3 10 1
e 4 1 1
e 4 2 1
e 4 6 1
e 4 10 1
e 4 11 1
e 4 12 1
e 5 1 1
e 5 9 1
e 6 1 1
e 6 2 1
e 6 4 1
e 6 10 1
e 7 0 1
e 7 8 1
e 8 0 1
e 8 3 1
e 8 7 1
e 8 11 1
e 9 1 1
e 9 5 1
e 9 11 1
e 10 1 1
e 10 3 1
e 10 4 1
e 10 6 1
e 10 11 1
e 10 13 1
e 11 0 1
e 11 2 1
e 11 4 1
e 11 8 1
e 11 9 1
e 11 10 1
e 12 4 1
e 13 2 1
e 13 10 1
t # -1
