t # 0
14 50 16 1
v 0 8
v 1 2
v 2 14
v 3 12
v 4 3
v 5 3
v 6 1
v 7 12
v 8 4
v 9 8
v 10 3
v 11 3
v 12 6
v 13 2
e 0 2 1
e 0 13 1
e 1 2 1
e 1 4 1
e 1 12 1
e 1 13 1
e 2 0 1
e 2 1 1
e 2 3 1
e 2 5 1
e 2 7 1
e 2 9 1
e 2 10 1
e 2 12 1
e 2 13 1
e 3 2 1
e 3 5 1
e 3 6 1
e 3 7 1
e 3 8 1
e 3 10 1
e 3 11 1
e 4 1 1
e 4 9 1
e 5 2 1
e 5 3 1
e 5 7 1
e 6 3 1
e 6 8 1
e 7 2 1
e 7 3 1
e 7 5 1
e 7 10 1
e 8 3 1
e 8 6 1
e 8 11 1
e 9 2 1
e 9 4 1
e 10 2 1
e 10 3 1
e 10 7 1
e 11 3 1
e 11 8 1
e 12 1 1
e 12 2 1
e 12 13 1
e 13 0 1
e 13 1 1
e 13 2 1
e 13 12 1
t # -1
