t # 0
14 48 16 1
v 0 7
v 1 3
v 2 12
v 3 4
v 4 1
v 5 13
v 6 2
v 7 14
v 8 1
v 9 1
v 10 12
v 11 2
v 12 12
v 13 3
e 0 1 1
e 0 2 1
e 0 6 1
e 0 7 1
e 1 0 1
e 1 6 1
e 1 7 1
e 2 0 1
e 2 3 1
e 2 6 1
e 2 7 1
e 3 2 1
e 3 6 1
e 3 7 1
e 3 10 1
e 3 11 1
e 3 13 1
e 4 5 1
e 4 13 1
e 5 4 1
e 5 7 1
e 6 0 1
e 6 1 1
e 6 2 1
e 6 3 1
e 6 11 1
e 7 0 1
e 7 1 1
e 7 2 1
e 7 3 1
e 7 5 1
e 7 9 1
e 7 11 1
e 8 11 1
e 9 7 1
e 10 3 1
e 10 11 1
e 10 12 1
e 11 3 1
e 11 6 1
e 11 7 1
e 11 8 1
e 11 10 1
e 11 13 1
e 12 10 1
e 13 3 1
e 13 4 1
e 13 11 1
t # -1
