t # 0
14 50 16 1
v 0 10
v 1 1
v 2 10
v 3 2
v 4 10
v 5 2
v 6 5
v 7 6
v 8 6
v 9 10
v 10 15
v 11 1
v 12 9
v 13 1
e 0 2 1
e 0 3 1
e 1 2 1
e 1 5 1
e 1 6 1
e 1 8 1
e 1 10 1
e 1 11 1
e 2 0 1
e 2 1 1
e 2 10 1
e 2 11 1
e 3 0 1
e 3 4 1
e 3 5 1
e 3 6 1
e 3 7 1
e 3 11 1
e 4 3 1
e 4 6 1
e 4 7 1
e 5 1 1
e 5 3 1
e 5 7 1
e 5 8 1
e 6 1 1
e 6 3 1
e 6 4 1
e 6 8 1
e 6 13 1
e 7 3 1
e 7 4 1
e 7 5 1
e 7 8 1
e 8 1 1
e 8 5 1
e 8 6 1
e 8 7 1
e 9 12 1
e 9 13 1
e 10 1 1
e 10 2 1
e 10 11 1
e 11 1 1
e 11 2 1
e 11 3 1
e 11 10 1
e 12 9 1
e 13 6 1
e 13 9 1
t # -1
