t # 0
14 46 16 1
v 0 4
v 1 14
v 2 5
v 3 16
v 4 8
v 5 15
v 6 9
v 7 4
v 8 12
v 9 9
v 10 5
v 11 4
v 12 5
v 13 2
e 0 2 1
e 0 3 1
e 0 4 1
e 1 2 1
e 1 3 1
e 1 4 1
e 1 9 1
e 2 0 1
e 2 1 1
e 2 4 1
e 2 6 1
e 2 7 1
e 2 8 1
e 2 12 1
e 2 13 1
e 3 0 1
e 3 1 1
e 3 10 1
e 4 0 1
e 4 1 1
e 4 2 1
e 4 5 1
e 4 9 1
e 4 10 1
e 4 13 1
e 5 4 1
e 5 8 1
e 6 2 1
e 7 2 1
e 7 10 1
e 8 2 1
e 8 5 1
e 8 11 1
e 8 13 1
e 9 1 1
e 9 4 1
e 10 3 1
e 10 4 1
e 10 7 1
e 10 13 1
e 11 8 1
e 12 2 1
e 13 2 1
e 13 4 1
e 13 8 1
e 13 10 1
t # -1
