t # 0
14 50 16 1
v 0 7
v 1 10
v 2 4
v 3 1
v 4 2
v 5 7
v 6 1
v 7 1
v 8 3
v 9 8
v 10 1
v 11 4
v 12 13
v 13 2
e 0 1 1
e 0 2 1
e 1 0 1
e 1 6 1
e 1 7 1
e 1 13 1
e 2 0 1
e 2 4 1
e 2 6 1
e 2 9 1
e 3 4 1
e 3 6 1
e 3 7 1
e 3 9 1
e 3 10 1
e 3 12 1
e 4 2 1
e 4 3 1
e 4 5 1
e 4 8 1
e 5 4 1
e 6 1 1
e 6 2 1
e 6 3 1
e 6 7 1
e 6 9 1
e 6 13 1
e 7 1 1
e 7 3 1
e 7 6 1
e 7 9 1
e 7 10 1
e 7 12 1
e 8 4 1
e 8 11 1
e 9 2 1
e 9 3 1
e 9 6 1
e 9 7 1
e 9 10 1
e 9 12 1
e 10 3 1
e 10 7 1
e 10 9 1
e 11 8 1
e 12 3 1
e 12 7 1
e 12 9 1
e 13 1 1
e 13 6 1
t # -1
