t # 0
14 48 16 1
v 0 9
v 1 3
v 2 1
v 3 2
v 4 16
v 5 5
v 6 6
v 7 3
v 8 9
v 9 3
v 10 10
v 11 3
v 12 13
v 13 3
e 0 1 1
e 0 2 1
e 0 3 1
e 0 5 1
e 0 11 1
e 1 0 1
e 1 3 1
e 1 4 1
e 1 7 1
e 1 13 1
e 2 0 1
e 2 5 1
e 2 6 1
e 2 7 1
e 2 11 1
e 3 0 1
e 3 1 1
e 3 4 1
e 3 9 1
e 3 13 1
e 4 1 1
e 4 3 1
e 4 8 1
e 5 0 1
e 5 2 1
e 5 11 1
e 6 2 1
e 6 8 1
e 7 1 1
e 7 2 1
e 7 8 1
e 7 12 1
e 8 4 1
e 8 6 1
e 8 7 1
e 8 10 1
e 9 3 1
e 9 13 1
e 10 8 1
e 10 12 1
e 11 0 1
e 11 2 1
e 11 5 1
e 12 7 1
e 12 10 1
e 13 1 1
e 13 3 1
e 13 9 1
t # -1
