t # 0
14 52 16 1
v 0 12
v 1 4
v 2 8
v 3 11
v 4 12
v 5 6
v 6 5
v 7 11
v 8 1
v 9 13
v 10 1
v 11 16
v 12 12
v 13 15
e 0 1 1
e 0 2 1
e 0 6 1
e 0 10 1
e 1 0 1
e 1 2 1
e 1 4 1
e 1 5 1
e 1 6 1
e 1 7 1
e 1 8 1
e 1 10 1
e 1 13 1
e 2 0 1
e 2 1 1
e 2 3 1
e 2 5 1
e 2 10 1
e 3 2 1
e 4 1 1
e 4 9 1
e 5 1 1
e 5 2 1
e 5 10 1
e 5 13 1
e 6 0 1
e 6 1 1
e 6 8 1
e 6 10 1
e 6 11 1
e 7 1 1
e 7 11 1
e 8 1 1
e 8 6 1
e 8 11 1
e 8 12 1
e 8 13 1
e 9 4 1
e 10 0 1
e 10 1 1
e 10 2 1
e 10 5 1
e 10 6 1
e 11 6 1
e 11 7 1
e 11 8 1
e 11 12 1
e 12 8 1
e 12 11 1
e 13 1 1
e 13 5 1
e 13 8 1
t # -1
