t # 0
14 48 16 1
v 0 3
v 1 11
v 2 16
v 3 9
v 4 3
v 5 7
v 6 7
v 7 1
v 8 9
v 9 5
v 10 1
v 11 14
v 12 6
v 13 15
e 0 1 1
e 1 0 1
e 1 3 1
e 1 6 1
e 1 7 1
e 1 11 1
e 2 7 1
e 2 9 1
e 2 10 1
e 3 1 1
e 3 12 1
e 4 5 1
e 4 8 1
e 4 9 1
e 4 10 1
e 5 4 1
e 5 8 1
e 5 9 1
e 5 10 1
e 5 11 1
e 5 13 1
e 6 1 1
e 6 7 1
e 7 1 1
e 7 2 1
e 7 6 1
e 7 8 1
e 7 10 1
e 8 4 1
e 8 5 1
e 8 7 1
e 8 11 1
e 9 2 1
e 9 4 1
e 9 5 1
e 10 2 1
e 10 4 1
e 10 5 1
e 10 7 1
e 10 11 1
e 11 1 1
e 11 5 1
e 11 8 1
e 11 10 1
e 11 13 1
e 12 3 1
e 13 5 1
e 13 11 1
t # -1
