t # 0
14 52 16 1
v 0 2
v 1 12
v 2 1
v 3 7
v 4 3
v 5 1
v 6 8
v 7 15
v 8 3
v 9 1
v 10 1
v 11 5
v 12 8
v 13 2
e 0 2 1
e 0 4 1
e 0 6 1
e 0 8 1
e 0 10 1
e 1 2 1
e 1 3 1
e 1 5 1
e 1 6 1
e 1 11 1
e 1 12 1
e 2 0 1
e 2 1 1
e 2 3 1
e 2 4 1
e 2 8 1
e 3 1 1
e 3 2 1
e 3 4 1
e 3 11 1
e 4 0 1
e 4 2 1
e 4 3 1
e 4 6 1
e 4 8 1
e 4 10 1
e 4 11 1
e 5 1 1
e 5 7 1
e 5 9 1
e 5 11 1
e 6 0 1
e 6 1 1
e 6 4 1
e 7 5 1
e 7 13 1
e 8 0 1
e 8 2 1
e 8 4 1
e 9 5 1
e 9 11 1
e 10 0 1
e 10 4 1
e 11 1 1
e 11 3 1
e 11 4 1
e 11 5 1
e 11 9 1
e 11 12 1
e 12 1 1
e 12 11 1
e 13 7 1
t # -1
