t # 0
14 52 16 1
v 0 8
v 1 1
v 2 6
v 3 6
v 4 15
v 5 12
v 6 1
v 7 3
v 8 3
v 9 10
v 10 3
v 11 7
v 12 6
v 13 3
e 0 1 1
e 0 3 1
e 0 7 1
e 0 8 1
e 0 10 1
e 0 13 1
e 1 0 1
e 1 2 1
e 1 3 1
e 1 4 1
e 1 7 1
e 1 9 1
e 1 12 1
e 2 1 1
e 2 3 1
e 2 6 1
e 2 7 1
e 2 9 1
e 3 0 1
e 3 1 1
e 3 2 1
e 3 4 1
e 3 5 1
e 3 7 1
e 3 11 1
e 3 12 1
e 4 1 1
e 4 3 1
e 4 7 1
e 4 9 1
e 4 12 1
e 5 3 1
e 6 2 1
e 7 0 1
e 7 1 1
e 7 2 1
e 7 3 1
e 7 4 1
e 7 12 1
e 7 13 1
e 8 0 1
e 9 1 1
e 9 2 1
e 9 4 1
e 10 0 1
e 11 3 1
e 12 1 1
e 12 3 1
e 12 4 1
e 12 7 1
e 13 0 1
e 13 7 1
t # -1
