t # 0
14 50 16 1
v 0 1
v 1 8
v 2 6
v 3 5
v 4 1
v 5 10
v 6 2
v 7 10
v 8 2
v 9 12
v 10 2
v 11 10
v 12 6
v 13 3
e 0 1 1
e 0 9 1
e 1 0 1
e 1 2 1
e 1 3 1
e 1 4 1
e 1 6 1
e 1 7 1
e 1 9 1
e 2 1 1
e 2 4 1
e 2 6 1
e 2 7 1
e 2 9 1
e 3 1 1
e 3 5 1
e 3 6 1
e 3 10 1
e 4 1 1
e 4 2 1
e 4 5 1
e 4 6 1
e 5 3 1
e 5 4 1
e 5 8 1
e 5 10 1
e 6 1 1
e 6 2 1
e 6 3 1
e 6 4 1
e 6 7 1
e 6 11 1
e 7 1 1
e 7 2 1
e 7 6 1
e 8 5 1
e 8 10 1
e 8 13 1
e 9 0 1
e 9 1 1
e 9 2 1
e 9 12 1
e 10 3 1
e 10 5 1
e 10 8 1
e 10 12 1
e 11 6 1
e 12 9 1
e 12 10 1
e 13 8 1
t # -1
