t # 0
14 48 16 1
v 0 2
v 1 10
v 2 12
v 3 5
v 4 2
v 5 8
v 6 6
v 7 16
v 8 15
v 9 10
v 10 4
v 11 2
v 12 2
v 13 11
e 0 2 1
e 0 6 1
e 1 3 1
e 1 4 1
e 1 6 1
e 1 10 1
e 2 0 1
e 2 3 1
e 2 10 1
e 3 1 1
e 3 2 1
e 3 4 1
e 3 5 1
e 3 6 1
e 3 11 1
e 4 1 1
e 4 3 1
e 4 7 1
e 4 10 1
e 4 11 1
e 5 3 1
e 5 6 1
e 5 8 1
e 6 0 1
e 6 1 1
e 6 3 1
e 6 5 1
e 6 9 1
e 6 10 1
e 6 11 1
e 6 13 1
e 7 4 1
e 8 5 1
e 9 6 1
e 9 11 1
e 10 1 1
e 10 2 1
e 10 4 1
e 10 6 1
e 10 11 1
e 10 12 1
e 11 3 1
e 11 4 1
e 11 6 1
e 11 9 1
e 11 10 1
e 12 10 1
e 13 6 1
t # -1
