t # 0
14 52 16 1
v 0 6
v 1 5
v 2 5
v 3 2
v 4 2
v 5 3
v 6 3
v 7 2
v 8 6
v 9 5
v 10 14
v 11 3
v 12 8
v 13 5
e 0 1 1
e 0 5 1
e 0 12 1
e 1 0 1
e 1 3 1
e 1 5 1
e 1 8 1
e 1 10 1
e 1 13 1
e 2 3 1
e 2 7 1
e 3 1 1
e 3 2 1
e 3 5 1
e 3 7 1
e 3 8 1
e 3 11 1
e 4 8 1
e 5 0 1
e 5 1 1
e 5 3 1
e 5 7 1
e 5 8 1
e 5 9 1
e 5 10 1
e 5 13 1
e 6 13 1
e 7 2 1
e 7 3 1
e 7 5 1
e 7 8 1
e 8 1 1
e 8 3 1
e 8 4 1
e 8 5 1
e 8 7 1
e 8 9 1
e 9 5 1
e 9 8 1
e 9 11 1
e 10 1 1
e 10 5 1
e 10 13 1
e 11 3 1
e 11 9 1
e 12 0 1
e 12 13 1
e 13 1 1
e 13 5 1
e 13 6 1
e 13 10 1
e 13 12 1
t # -1
