t # 0
14 54 16 1
v 0 6
v 1 1
v 2 7
v 3 9
v 4 1
v 5 16
v 6 10
v 7 9
v 8 8
v 9 16
v 10 16
v 11 5
v 12 5
v 13 4
e 0 1 1
e 0 2 1
e 0 4 1
e 0 6 1
e 0 11 1
e 0 12 1
e 1 0 1
e 1 2 1
e 1 3 1
e 2 0 1
e 2 1 1
e 2 3 1
e 2 4 1
e 2 6 1
e 2 11 1
e 3 1 1
e 3 2 1
e 3 6 1
e 3 7 1
e 3 8 1
e 3 12 1
e 3 13 1
e 4 0 1
e 4 2 1
e 4 9 1
e 4 12 1
e 5 6 1
e 5 13 1
e 6 0 1
e 6 2 1
e 6 3 1
e 6 5 1
e 6 10 1
e 6 11 1
e 6 12 1
e 7 3 1
e 8 3 1
e 9 4 1
e 10 6 1
e 10 11 1
e 10 12 1
e 11 0 1
e 11 2 1
e 11 6 1
e 11 10 1
e 11 12 1
e 12 0 1
e 12 3 1
e 12 4 1
e 12 6 1
e 12 10 1
e 12 11 1
e 13 3 1
e 13 5 1
t # -1
