t # 0
14 54 16 1
v 0 3
v 1 10
v 2 16
v 3 14
v 4 8
v 5 11
v 6 7
v 7 1
v 8 13
v 9 2
v 10 13
v 11 12
v 12 13
v 13 9
e 0 1 1
e 0 2 1
e 0 7 1
e 1 0 1
e 1 2 1
e 1 3 1
e 1 7 1
e 1 10 1
e 2 0 1
e 2 1 1
e 2 3 1
e 2 4 1
e 2 6 1
e 2 7 1
e 2 8 1
e 2 9 1
e 2 10 1
e 3 1 1
e 3 2 1
e 3 9 1
e 3 10 1
e 4 2 1
e 4 5 1
e 4 6 1
e 4 9 1
e 5 4 1
e 6 2 1
e 6 4 1
e 6 9 1
e 6 11 1
e 7 0 1
e 7 1 1
e 7 2 1
e 7 13 1
e 8 2 1
e 8 12 1
e 8 13 1
e 9 2 1
e 9 3 1
e 9 4 1
e 9 6 1
e 9 10 1
e 9 11 1
e 10 1 1
e 10 2 1
e 10 3 1
e 10 9 1
e 10 11 1
e 11 6 1
e 11 9 1
e 11 10 1
e 12 8 1
e 13 7 1
e 13 8 1
t # -1
