t # 0
14 52 16 1
v 0 7
v 1 8
v 2 16
v 3 7
v 4 6
v 5 9
v 6 8
v 7 9
v 8 4
v 9 4
v 10 1
v 11 14
v 12 3
v 13 1
e 0 3 1
e 0 4 1
e 0 5 1
e 0 6 1
e 0 7 1
e 0 11 1
e 0 13 1
e 1 2 1
e 1 10 1
e 1 12 1
e 2 1 1
e 2 3 1
e 2 4 1
e 2 7 1
e 2 8 1
e 2 11 1
e 2 12 1
e 3 0 1
e 3 2 1
e 3 11 1
e 4 0 1
e 4 2 1
e 4 13 1
e 5 0 1
e 5 7 1
e 5 11 1
e 6 0 1
e 6 13 1
e 7 0 1
e 7 2 1
e 7 5 1
e 7 11 1
e 7 13 1
e 8 2 1
e 8 9 1
e 9 8 1
e 10 1 1
e 10 12 1
e 11 0 1
e 11 2 1
e 11 3 1
e 11 5 1
e 11 7 1
e 11 12 1
e 12 1 1
e 12 2 1
e 12 10 1
e 12 11 1
e 13 0 1
e 13 4 1
e 13 6 1
e 13 7 1
t # -1
