t # 0
14 54 16 1
v 0 3
v 1 10
v 2 14
v 3 6
v 4 9
v 5 2
v 6 2
v 7 1
v 8 8
v 9 5
v 10 16
v 11 15
v 12 6
v 13 4
e 0 1 1
e 0 4 1
e 0 9 1
e 1 0 1
e 1 2 1
e 1 3 1
e 1 5 1
e 1 9 1
e 1 10 1
e 1 13 1
e 2 1 1
e 2 3 1
e 2 8 1
e 2 9 1
e 2 13 1
e 3 1 1
e 3 2 1
e 3 5 1
e 3 6 1
e 3 9 1
e 3 13 1
e 4 0 1
e 4 6 1
e 5 1 1
e 5 3 1
e 5 6 1
e 5 7 1
e 5 9 1
e 5 13 1
e 6 3 1
e 6 4 1
e 6 5 1
e 6 9 1
e 6 11 1
e 7 5 1
e 8 2 1
e 9 0 1
e 9 1 1
e 9 2 1
e 9 3 1
e 9 5 1
e 9 6 1
e 9 11 1
e 9 13 1
e 10 1 1
e 10 12 1
e 11 6 1
e 11 9 1
e 12 10 1
e 13 1 1
e 13 2 1
e 13 3 1
e 13 5 1
e 13 9 1
t # -1
