t # 0
14 46 16 1
v 0 6
v 1 10
v 2 2
v 3 5
v 4 8
v 5 6
v 6 14
v 7 7
v 8 1
v 9 5
v 10 8
v 11 1
v 12 14
v 13 8
e 0 1 1
e 0 3 1
e 0 4 1
e 1 0 1
e 1 3 1
e 1 4 1
e 1 5 1
e 1 6 1
e 1 9 1
e 2 7 1
e 3 0 1
e 3 1 1
e 3 4 1
e 3 5 1
e 4 0 1
e 4 1 1
e 4 3 1
e 4 8 1
e 4 10 1
e 4 11 1
e 4 12 1
e 4 13 1
e 5 1 1
e 5 3 1
e 5 6 1
e 6 1 1
e 6 5 1
e 6 10 1
e 7 2 1
e 7 10 1
e 8 4 1
e 8 10 1
e 8 13 1
e 9 1 1
e 10 4 1
e 10 6 1
e 10 7 1
e 10 8 1
e 10 11 1
e 11 4 1
e 11 10 1
e 11 13 1
e 12 4 1
e 13 4 1
e 13 8 1
e 13 11 1
t # -1
