t # 0
14 54 16 1
v 0 4
v 1 4
v 2 5
v 3 13
v 4 2
v 5 5
v 6 3
v 7 1
v 8 1
v 9 7
v 10 4
v 11 15
v 12 1
v 13 4
e 0 3 1
e 1 2 1
e 1 3 1
e 1 4 1
e 1 5 1
e 1 7 1
e 1 11 1
e 2 1 1
e 2 4 1
e 2 5 1
e 2 7 1
e 3 0 1
e 3 1 1
e 3 4 1
e 3 6 1
e 3 7 1
e 3 8 1
e 3 9 1
e 3 10 1
e 3 11 1
e 3 12 1
e 3 13 1
e 4 1 1
e 4 2 1
e 4 3 1
e 4 5 1
e 4 8 1
e 4 9 1
e 5 1 1
e 5 2 1
e 5 4 1
e 5 7 1
e 5 8 1
e 6 3 1
e 6 13 1
e 7 1 1
e 7 2 1
e 7 3 1
e 7 5 1
e 7 10 1
e 8 3 1
e 8 4 1
e 8 5 1
e 8 11 1
e 9 3 1
e 9 4 1
e 10 3 1
e 10 7 1
e 11 1 1
e 11 3 1
e 11 8 1
e 12 3 1
e 13 3 1
e 13 6 1
t # -1
