t # 0
14 54 16 1
v 0 4
v 1 12
v 2 8
v 3 1
v 4 3
v 5 15
v 6 7
v 7 14
v 8 5
v 9 6
v 10 14
v 11 13
v 12 8
v 13 3
e 0 3 1
e 0 6 1
e 0 9 1
e 1 2 1
e 1 3 1
e 1 4 1
e 1 7 1
e 1 11 1
e 1 12 1
e 2 1 1
e 2 5 1
e 2 11 1
e 2 12 1
e 3 0 1
e 3 1 1
e 3 4 1
e 3 5 1
e 3 6 1
e 3 8 1
e 3 9 1
e 4 1 1
e 4 3 1
e 4 5 1
e 4 6 1
e 5 2 1
e 5 3 1
e 5 4 1
e 5 6 1
e 6 0 1
e 6 3 1
e 6 4 1
e 6 5 1
e 6 9 1
e 6 12 1
e 7 1 1
e 7 9 1
e 7 10 1
e 8 3 1
e 9 0 1
e 9 3 1
e 9 6 1
e 9 7 1
e 9 10 1
e 9 13 1
e 10 7 1
e 10 9 1
e 10 13 1
e 11 1 1
e 11 2 1
e 12 1 1
e 12 2 1
e 12 6 1
e 13 9 1
e 13 10 1
t # -1
