t # 0
14 48 16 1
v 0 7
v 1 2
v 2 4
v 3 7
v 4 8
v 5 13
v 6 4
v 7 2
v 8 16
v 9 2
v 10 1
v 11 1
v 12 2
v 13 1
e 0 1 1
e 0 3 1
e 0 4 1
e 0 6 1
e 0 9 1
e 1 0 1
e 1 3 1
e 2 4 1
e 2 5 1
e 2 12 1
e 3 0 1
e 3 1 1
e 3 8 1
e 4 0 1
e 4 2 1
e 4 6 1
e 4 8 1
e 4 9 1
e 4 12 1
e 4 13 1
e 5 2 1
e 5 7 1
e 5 10 1
e 5 12 1
e 6 0 1
e 6 4 1
e 6 9 1
e 7 5 1
e 7 8 1
e 7 12 1
e 8 3 1
e 8 4 1
e 8 7 1
e 8 11 1
e 9 0 1
e 9 4 1
e 9 6 1
e 10 5 1
e 10 12 1
e 11 8 1
e 12 2 1
e 12 4 1
e 12 5 1
e 12 7 1
e 12 10 1
e 12 13 1
e 13 4 1
e 13 12 1
t # -1
