t # 0
14 46 16 1
v 0 3
v 1 3
v 2 11
v 3 7
v 4 8
v 5 10
v 6 1
v 7 5
v 8 1
v 9 14
v 10 1
v 11 11
v 12 7
v 13 14
e 0 1 1
e 0 5 1
e 0 10 1
e 1 0 1
e 1 2 1
e 1 5 1
e 1 8 1
e 1 11 1
e 1 13 1
e 2 1 1
e 2 6 1
e 2 10 1
e 2 11 1
e 3 4 1
e 3 11 1
e 4 3 1
e 5 0 1
e 5 1 1
e 5 6 1
e 5 8 1
e 5 9 1
e 6 2 1
e 6 5 1
e 6 11 1
e 6 13 1
e 7 11 1
e 8 1 1
e 8 5 1
e 8 12 1
e 9 5 1
e 10 0 1
e 10 2 1
e 10 11 1
e 10 13 1
e 11 1 1
e 11 2 1
e 11 3 1
e 11 6 1
e 11 7 1
e 11 10 1
e 11 13 1
e 12 8 1
e 13 1 1
e 13 6 1
e 13 10 1
e 13 11 1
t # -1
