t # 0
14 46 16 1
v 0 1
v 1 13
v 2 7
v 3 10
v 4 7
v 5 4
v 6 5
v 7 3
v 8 16
v 9 6
v 10 1
v 11 2
v 12 2
v 13 12
e 0 1 1
e 0 2 1
e 0 8 1
e 1 0 1
e 1 5 1
e 1 9 1
e 1 10 1
e 2 0 1
e 2 8 1
e 3 4 1
e 3 5 1
e 4 3 1
e 4 6 1
e 4 12 1
e 5 1 1
e 5 3 1
e 5 9 1
e 5 10 1
e 5 12 1
e 6 4 1
e 6 7 1
e 6 9 1
e 6 12 1
e 7 6 1
e 7 9 1
e 7 12 1
e 8 0 1
e 8 2 1
e 8 10 1
e 8 11 1
e 9 1 1
e 9 5 1
e 9 6 1
e 9 7 1
e 9 12 1
e 10 1 1
e 10 5 1
e 10 8 1
e 11 8 1
e 12 4 1
e 12 5 1
e 12 6 1
e 12 7 1
e 12 9 1
e 12 13 1
e 13 12 1
t # -1
