t # 0
14 46 16 1
v 0 15
v 1 10
v 2 13
v 3 7
v 4 16
v 5 2
v 6 10
v 7 4
v 8 2
v 9 8
v 10 11
v 11 6
v 12 7
v 13 14
e 0 1 1
e 0 2 1
e 0 6 1
e 0 12 1
e 1 0 1
e 1 2 1
e 1 3 1
e 1 4 1
e 1 6 1
e 1 10 1
e 2 0 1
e 2 1 1
e 2 6 1
e 3 1 1
e 3 5 1
e 3 6 1
e 3 12 1
e 4 1 1
e 4 8 1
e 4 10 1
e 5 3 1
e 5 9 1
e 5 11 1
e 6 0 1
e 6 1 1
e 6 2 1
e 6 3 1
e 6 7 1
e 6 8 1
e 6 12 1
e 7 6 1
e 7 8 1
e 7 13 1
e 8 4 1
e 8 6 1
e 8 7 1
e 8 12 1
e 9 5 1
e 10 1 1
e 10 4 1
e 11 5 1
e 12 0 1
e 12 3 1
e 12 6 1
e 12 8 1
e 13 7 1
t # -1
