t # 0
14 48 16 1
v 0 4
v 1 2
v 2 5
v 3 10
v 4 15
v 5 13
v 6 14
v 7 5
v 8 4
v 9 15
v 10 5
v 11 8
v 12 1
v 13 8
e 0 1 1
e 0 2 1
e 0 13 1
e 1 0 1
e 1 2 1
e 1 5 1
e 1 9 1
e 1 10 1
e 1 12 1
e 1 13 1
e 2 0 1
e 2 1 1
e 2 5 1
e 2 9 1
e 2 10 1
e 2 13 1
e 3 4 1
e 3 5 1
e 3 6 1
e 3 8 1
e 4 3 1
e 5 1 1
e 5 2 1
e 5 3 1
e 5 9 1
e 5 10 1
e 6 3 1
e 6 10 1
e 7 10 1
e 7 11 1
e 8 3 1
e 9 1 1
e 9 2 1
e 9 5 1
e 9 10 1
e 10 1 1
e 10 2 1
e 10 5 1
e 10 6 1
e 10 7 1
e 10 9 1
e 10 12 1
e 11 7 1
e 12 1 1
e 12 10 1
e 13 0 1
e 13 1 1
e 13 2 1
t # -1
