t # 0
10 58 16 1
v 0 14
v 1 9
v 2 9
v 3 5
v 4 16
v 5 8
v 6 6
v 7 1
v 8 7
v 9 1
e 0 1 1
e 0 2 1
e 0 3 1
e 0 4 1
e 0 5 1
e 0 6 1
e 0 7 1
e 0 8 1
e 0 9 1
e 1 0 1
e 1 2 1
e 1 8 1
e 1 9 1
e 2 0 1
e 2 1 1
e 2 3 1
e 2 4 1
e 2 5 1
e 2 6 1
e 2 8 1
e 2 9 1
e 3 0 1
e 3 2 1
e 3 6 1
e 3 7 1
e 3 8 1
e 4 0 1
e 4 2 1
e 4 6 1
e 4 8 1
e 4 9 1
e 5 0 1
e 5 2 1
e 5 7 1
e 5 8 1
e 6 0 1
e 6 2 1
e 6 3 1
e 6 4 1
e 6 8 1
e 7 0 1
e 7 3 1
e 7 5 1
e 7 8 1
e 8 0 1
e 8 1 1
e 8 2 1
e 8 3 1
e 8 4 1
e 8 5 1
e 8 6 1
e 8 7 1
e 8 9 1
e 9 0 1
e 9 1 1
e 9 2 1
e 9 4 1
e 9 8 1
t # -1
