t # 0
10 52 16 1
v 0 15
v 1 3
v 2 3
v 3 4
v 4 13
v 5 7
v 6 13
v 7 8
v 8 9
v 9 13
e 0 1 1
e 0 2 1
e 0 3 1
e 0 5 1
e 0 8 1
e 1 0 1
e 1 2 1
e 1 3 1
e 1 5 1
e 1 8 1
e 2 0 1
e 2 1 1
e 2 3 1
e 2 4 1
e 2 5 1
e 2 8 1
e 2 9 1
e 3 0 1
e 3 1 1
e 3 2 1
e 3 4 1
e 3 5 1
e 3 8 1
e 3 9 1
e 4 2 1
e 4 3 1
e 4 5 1
e 4 7 1
e 4 8 1
e 5 0 1
e 5 1 1
e 5 2 1
e 5 3 1
e 5 4 1
e 5 6 1
e 5 7 1
e 5 8 1
e 6 5 1
e 6 8 1
e 7 4 1
e 7 5 1
e 7 8 1
e 8 0 1
e 8 1 1
e 8 2 1
e 8 3 1
e 8 4 1
e 8 5 1
e 8 6 1
e 8 7 1
e 9 2 1
e 9 3 1
t # -1
