t # 0
10 52 16 1
v 0 15
v 1 2
v 2 4
v 3 1
v 4 2
v 5 2
v 6 8
v 7 10
v 8 8
v 9 4
e 0 1 1
e 0 3 1
e 0 4 1
e 0 5 1
e 0 6 1
e 0 7 1
e 1 0 1
e 1 2 1
e 1 3 1
e 1 4 1
e 1 5 1
e 1 6 1
e 1 7 1
e 1 8 1
e 1 9 1
e 2 1 1
e 2 8 1
e 2 9 1
e 3 0 1
e 3 1 1
e 3 4 1
e 3 5 1
e 3 6 1
e 3 7 1
e 4 0 1
e 4 1 1
e 4 3 1
e 4 5 1
e 4 6 1
e 4 7 1
e 5 0 1
e 5 1 1
e 5 3 1
e 5 4 1
e 5 6 1
e 5 7 1
e 6 0 1
e 6 1 1
e 6 3 1
e 6 4 1
e 6 5 1
e 6 7 1
e 7 0 1
e 7 1 1
e 7 3 1
e 7 4 1
e 7 5 1
e 7 6 1
e 8 1 1
e 8 2 1
e 9 1 1
e 9 2 1
t # -1
