t # 0
10 62 16 1
v 0 1
v 1 1
v 2 1
v 3 14
v 4 1
v 5 5
v 6 14
v 7 2
v 8 10
v 9 10
e 0 1 1
e 0 2 1
e 0 3 1
e 0 4 1
e 0 5 1
e 0 6 1
e 0 7 1
e 0 8 1
e 0 9 1
e 1 0 1
e 1 3 1
e 1 4 1
e 1 5 1
e 1 7 1
e 1 8 1
e 2 0 1
e 2 5 1
e 3 0 1
e 3 1 1
e 3 4 1
e 3 7 1
e 3 8 1
e 4 0 1
e 4 1 1
e 4 3 1
e 4 5 1
e 4 6 1
e 4 7 1
e 4 8 1
e 4 9 1
e 5 0 1
e 5 1 1
e 5 2 1
e 5 4 1
e 5 7 1
e 5 8 1
e 5 9 1
e 6 0 1
e 6 4 1
e 6 7 1
e 6 8 1
e 7 0 1
e 7 1 1
e 7 3 1
e 7 4 1
e 7 5 1
e 7 6 1
e 7 8 1
e 7 9 1
e 8 0 1
e 8 1 1
e 8 3 1
e 8 4 1
e 8 5 1
e 8 6 1
e 8 7 1
e 8 9 1
e 9 0 1
e 9 4 1
e 9 5 1
e 9 7 1
e 9 8 1
t # -1
